id,from_node_id,to_node_id,status
1,1,393,1
2,393,1,1
3,1,492,1
4,492,1,1
5,1,114,1
6,114,1,1
7,1,244,1
8,244,1,1
9,1,121,1
10,121,1,1
11,1,123,1
12,123,1,1
13,2,439,1
14,439,2,1
15,2,103,1
16,103,2,1
17,2,398,1
18,398,2,1
19,2,48,1
20,48,2,1
21,2,415,1
22,415,2,1
23,2,279,1
24,279,2,1
25,2,189,1
26,189,2,1
27,2,94,1
28,94,2,1
29,2,351,1
30,351,2,1
31,3,130,1
32,130,3,1
33,3,164,1
34,164,3,1
35,3,263,1
36,263,3,1
37,3,201,1
38,201,3,1
39,3,170,1
40,170,3,1
41,3,361,1
42,361,3,1
43,3,210,1
44,210,3,1
45,3,247,1
46,247,3,1
47,3,153,1
48,153,3,1
49,3,154,1
50,154,3,1
51,3,347,1
52,347,3,1
53,3,316,1
54,316,3,1
55,3,253,1
56,253,3,1
57,3,94,1
58,94,3,1
59,3,128,1
60,128,3,1
61,4,100,1
62,100,4,1
63,4,137,1
64,137,4,1
65,4,269,1
66,269,4,1
67,4,13,1
68,13,4,1
69,4,111,1
70,111,4,1
71,4,240,1
72,240,4,1
73,4,318,1
74,318,4,1
75,4,311,1
76,311,4,1
77,4,412,1
78,412,4,1
79,4,190,1
80,190,4,1
81,5,260,1
82,260,5,1
83,5,134,1
84,134,5,1
85,5,74,1
86,74,5,1
87,5,171,1
88,171,5,1
89,5,47,1
90,47,5,1
91,5,16,1
92,16,5,1
93,5,106,1
94,106,5,1
95,5,203,1
96,203,5,1
97,5,158,1
98,158,5,1
99,6,129,1
100,129,6,1
101,6,195,1
102,195,6,1
103,6,488,1
104,488,6,1
105,6,334,1
106,334,6,1
107,6,47,1
108,47,6,1
109,6,80,1
110,80,6,1
111,6,371,1
112,371,6,1
113,6,85,1
114,85,6,1
115,6,59,1
116,59,6,1
117,6,348,1
118,348,6,1
119,6,285,1
120,285,6,1
121,6,446,1
122,446,6,1
123,6,415,1
124,415,6,1
125,7,99,1
126,99,7,1
127,7,228,1
128,228,7,1
129,7,490,1
130,490,7,1
131,7,107,1
132,107,7,1
133,7,431,1
134,431,7,1
135,7,88,1
136,88,7,1
137,8,452,1
138,452,8,1
139,8,38,1
140,38,8,1
141,8,423,1
142,423,8,1
143,8,425,1
144,425,8,1
145,8,171,1
146,171,8,1
147,8,172,1
148,172,8,1
149,8,495,1
150,495,8,1
151,8,273,1
152,273,8,1
153,8,403,1
154,403,8,1
155,8,54,1
156,54,8,1
157,8,249,1
158,249,8,1
159,8,63,1
160,63,8,1
161,9,333,1
162,333,9,1
163,9,269,1
164,269,9,1
165,9,468,1
166,468,9,1
167,9,82,1
168,82,9,1
169,9,212,1
170,212,9,1
171,9,448,1
172,448,9,1
173,9,377,1
174,377,9,1
175,9,123,1
176,123,9,1
177,9,288,1
178,288,9,1
179,9,283,1
180,283,9,1
181,9,96,1
182,96,9,1
183,10,357,1
184,357,10,1
185,10,103,1
186,103,10,1
187,10,46,1
188,46,10,1
189,10,273,1
190,273,10,1
191,10,434,1
192,434,10,1
193,10,148,1
194,148,10,1
195,10,309,1
196,309,10,1
197,10,278,1
198,278,10,1
199,11,87,1
200,87,11,1
201,11,264,1
202,264,11,1
203,11,328,1
204,328,11,1
205,11,45,1
206,45,11,1
207,11,206,1
208,206,11,1
209,11,334,1
210,334,11,1
211,11,145,1
212,145,11,1
213,11,119,1
214,119,11,1
215,11,440,1
216,440,11,1
217,11,444,1
218,444,11,1
219,11,287,1
220,287,11,1
221,12,33,1
222,33,12,1
223,12,262,1
224,262,12,1
225,12,359,1
226,359,12,1
227,12,104,1
228,104,12,1
229,12,205,1
230,205,12,1
231,12,271,1
232,271,12,1
233,12,112,1
234,112,12,1
235,12,436,1
236,436,12,1
237,12,412,1
238,412,12,1
239,12,500,1
240,500,12,1
241,12,383,1
242,383,12,1
243,12,480,1
244,480,12,1
245,13,451,1
246,451,13,1
247,13,38,1
248,38,13,1
249,13,244,1
250,244,13,1
251,13,73,1
252,73,13,1
253,13,204,1
254,204,13,1
255,13,462,1
256,462,13,1
257,13,499,1
258,499,13,1
259,13,100,1
260,100,13,1
261,13,57,1
262,57,13,1
263,13,314,1
264,314,13,1
265,13,187,1
266,187,13,1
267,13,262,1
268,262,13,1
269,14,412,1
270,412,14,1
271,14,37,1
272,37,14,1
273,14,76,1
274,76,14,1
275,14,15,1
276,15,14,1
277,14,467,1
278,467,14,1
279,14,86,1
280,86,14,1
281,14,399,1
282,399,14,1
283,14,92,1
284,92,14,1
285,14,214,1
286,214,14,1
287,15,129,1
288,129,15,1
289,15,165,1
290,165,15,1
291,15,44,1
292,44,15,1
293,15,77,1
294,77,15,1
295,15,401,1
296,401,15,1
297,15,59,1
298,59,15,1
299,15,156,1
300,156,15,1
301,15,125,1
302,125,15,1
303,16,322,1
304,322,16,1
305,16,419,1
306,419,16,1
307,16,297,1
308,297,16,1
309,16,172,1
310,172,16,1
311,16,461,1
312,461,16,1
313,16,375,1
314,375,16,1
315,16,120,1
316,120,16,1
317,16,88,1
318,88,16,1
319,16,479,1
320,479,16,1
321,17,487,1
322,487,17,1
323,17,231,1
324,231,17,1
325,17,362,1
326,362,17,1
327,17,172,1
328,172,17,1
329,17,110,1
330,110,17,1
331,17,382,1
332,382,17,1
333,17,20,1
334,20,17,1
335,17,250,1
336,250,17,1
337,17,411,1
338,411,17,1
339,17,94,1
340,94,17,1
341,17,351,1
342,351,17,1
343,18,129,1
344,129,18,1
345,18,482,1
346,482,18,1
347,18,167,1
348,167,18,1
349,18,396,1
350,396,18,1
351,18,79,1
352,79,18,1
353,18,400,1
354,400,18,1
355,18,216,1
356,216,18,1
357,19,451,1
358,451,19,1
359,19,453,1
360,453,19,1
361,19,460,1
362,460,19,1
363,19,79,1
364,79,19,1
365,19,145,1
366,145,19,1
367,19,246,1
368,246,19,1
369,20,33,1
370,33,20,1
371,20,417,1
372,417,20,1
373,20,324,1
374,324,20,1
375,20,487,1
376,487,20,1
377,20,234,1
378,234,20,1
379,20,460,1
380,460,20,1
381,20,275,1
382,275,20,1
383,20,498,1
384,498,20,1
385,20,83,1
386,83,20,1
387,20,309,1
388,309,20,1
389,20,375,1
390,375,20,1
391,20,153,1
392,153,20,1
393,21,385,1
394,385,21,1
395,21,34,1
396,34,21,1
397,21,198,1
398,198,21,1
399,21,296,1
400,296,21,1
401,21,266,1
402,266,21,1
403,21,121,1
404,121,21,1
405,21,84,1
406,84,21,1
407,21,437,1
408,437,21,1
409,21,330,1
410,330,21,1
411,21,25,1
412,25,21,1
413,22,451,1
414,451,22,1
415,22,356,1
416,356,22,1
417,22,137,1
418,137,22,1
419,22,331,1
420,331,22,1
421,22,408,1
422,408,22,1
423,22,112,1
424,112,22,1
425,22,306,1
426,306,22,1
427,22,384,1
428,384,22,1
429,22,149,1
430,149,22,1
431,22,406,1
432,406,22,1
433,22,24,1
434,24,22,1
435,22,284,1
436,284,22,1
437,22,286,1
438,286,22,1
439,22,352,1
440,352,22,1
441,23,267,1
442,267,23,1
443,23,84,1
444,84,23,1
445,23,280,1
446,280,23,1
447,23,89,1
448,89,23,1
449,23,218,1
450,218,23,1
451,23,412,1
452,412,23,1
453,24,33,1
454,33,24,1
455,24,231,1
456,231,24,1
457,24,39,1
458,39,24,1
459,24,406,1
460,406,24,1
461,24,422,1
462,422,24,1
463,24,75,1
464,75,24,1
465,24,493,1
466,493,24,1
467,24,462,1
468,462,24,1
469,24,148,1
470,148,24,1
471,24,121,1
472,121,24,1
473,24,189,1
474,189,24,1
475,24,427,1
476,427,24,1
477,24,384,1
478,384,24,1
479,25,387,1
480,387,25,1
481,25,361,1
482,361,25,1
483,25,145,1
484,145,25,1
485,25,212,1
486,212,25,1
487,25,90,1
488,90,25,1
489,25,26,1
490,26,25,1
491,25,288,1
492,288,25,1
493,26,482,1
494,482,26,1
495,26,135,1
496,135,26,1
497,26,296,1
498,296,26,1
499,26,363,1
500,363,26,1
501,26,239,1
502,239,26,1
503,26,57,1
504,57,26,1
505,26,143,1
506,143,26,1
507,26,151,1
508,151,26,1
509,26,408,1
510,408,26,1
511,26,320,1
512,320,26,1
513,27,36,1
514,36,27,1
515,27,198,1
516,198,27,1
517,27,329,1
518,329,27,1
519,27,202,1
520,202,27,1
521,27,491,1
522,491,27,1
523,27,269,1
524,269,27,1
525,27,78,1
526,78,27,1
527,27,272,1
528,272,27,1
529,27,153,1
530,153,27,1
531,27,444,1
532,444,27,1
533,28,168,1
534,168,28,1
535,28,233,1
536,233,28,1
537,28,495,1
538,495,28,1
539,28,474,1
540,474,28,1
541,28,410,1
542,410,28,1
543,28,379,1
544,379,28,1
545,28,413,1
546,413,28,1
547,28,411,1
548,411,28,1
549,29,356,1
550,356,29,1
551,29,125,1
552,125,29,1
553,30,354,1
554,354,30,1
555,30,275,1
556,275,30,1
557,30,438,1
558,438,30,1
559,30,312,1
560,312,30,1
561,30,253,1
562,253,30,1
563,30,190,1
564,190,30,1
565,30,480,1
566,480,30,1
567,31,129,1
568,129,31,1
569,31,292,1
570,292,31,1
571,31,197,1
572,197,31,1
573,31,330,1
574,330,31,1
575,31,141,1
576,141,31,1
577,31,398,1
578,398,31,1
579,31,145,1
580,145,31,1
581,31,83,1
582,83,31,1
583,31,340,1
584,340,31,1
585,31,490,1
586,490,31,1
587,31,60,1
588,60,31,1
589,31,32,1
590,32,31,1
591,32,225,1
592,225,32,1
593,32,145,1
594,145,32,1
595,32,72,1
596,72,32,1
597,32,459,1
598,459,32,1
599,32,76,1
600,76,32,1
601,32,113,1
602,113,32,1
603,32,52,1
604,52,32,1
605,33,481,1
606,481,33,1
607,33,236,1
608,236,33,1
609,33,421,1
610,421,33,1
611,33,294,1
612,294,33,1
613,33,424,1
614,424,33,1
615,33,496,1
616,496,33,1
617,33,471,1
618,471,33,1
619,33,326,1
620,326,33,1
621,34,296,1
622,296,34,1
623,34,150,1
624,150,34,1
625,34,281,1
626,281,34,1
627,34,252,1
628,252,34,1
629,34,446,1
630,446,34,1
631,34,470,1
632,470,34,1
633,35,195,1
634,195,35,1
635,35,229,1
636,229,35,1
637,35,247,1
638,247,35,1
639,35,391,1
640,391,35,1
641,35,178,1
642,178,35,1
643,35,343,1
644,343,35,1
645,35,376,1
646,376,35,1
647,35,261,1
648,261,35,1
649,35,381,1
650,381,35,1
651,35,384,1
652,384,35,1
653,36,198,1
654,198,36,1
655,36,295,1
656,295,36,1
657,36,393,1
658,393,36,1
659,36,461,1
660,461,36,1
661,36,365,1
662,365,36,1
663,36,239,1
664,239,36,1
665,36,241,1
666,241,36,1
667,36,351,1
668,351,36,1
669,36,473,1
670,473,36,1
671,36,444,1
672,444,36,1
673,36,379,1
674,379,36,1
675,36,255,1
676,255,36,1
677,36,443,1
678,443,36,1
679,37,235,1
680,235,37,1
681,37,46,1
682,46,37,1
683,37,402,1
684,402,37,1
685,37,432,1
686,432,37,1
687,37,220,1
688,220,37,1
689,37,285,1
690,285,37,1
691,38,423,1
692,423,38,1
693,38,359,1
694,359,38,1
695,38,103,1
696,103,38,1
697,38,394,1
698,394,38,1
699,38,428,1
700,428,38,1
701,38,400,1
702,400,38,1
703,38,468,1
704,468,38,1
705,38,182,1
706,182,38,1
707,38,415,1
708,415,38,1
709,38,248,1
710,248,38,1
711,38,94,1
712,94,38,1
713,38,255,1
714,255,38,1
715,38,96,1
716,96,38,1
717,39,161,1
718,161,39,1
719,39,418,1
720,418,39,1
721,39,325,1
722,325,39,1
723,39,140,1
724,140,39,1
725,39,269,1
726,269,39,1
727,39,430,1
728,430,39,1
729,39,468,1
730,468,39,1
731,39,115,1
732,115,39,1
733,39,212,1
734,212,39,1
735,39,351,1
736,351,39,1
737,40,354,1
738,354,40,1
739,40,102,1
740,102,40,1
741,40,457,1
742,457,40,1
743,40,478,1
744,478,40,1
745,40,95,1
746,95,40,1
747,40,378,1
748,378,40,1
749,40,91,1
750,91,40,1
751,40,286,1
752,286,40,1
753,40,287,1
754,287,40,1
755,40,374,1
756,374,40,1
757,41,449,1
758,449,41,1
759,41,242,1
760,242,41,1
761,41,433,1
762,433,41,1
763,41,146,1
764,146,41,1
765,41,499,1
766,499,41,1
767,41,500,1
768,500,41,1
769,41,439,1
770,439,41,1
771,41,473,1
772,473,41,1
773,41,316,1
774,316,41,1
775,41,416,1
776,416,41,1
777,42,145,1
778,145,42,1
779,42,419,1
780,419,42,1
781,42,70,1
782,70,42,1
783,42,330,1
784,330,42,1
785,42,493,1
786,493,42,1
787,42,241,1
788,241,42,1
789,42,207,1
790,207,42,1
791,42,81,1
792,81,42,1
793,42,466,1
794,466,42,1
795,42,405,1
796,405,42,1
797,42,54,1
798,54,42,1
799,42,463,1
800,463,42,1
801,43,393,1
802,393,43,1
803,43,250,1
804,250,43,1
805,43,238,1
806,238,43,1
807,44,258,1
808,258,44,1
809,44,233,1
810,233,44,1
811,44,144,1
812,144,44,1
813,44,211,1
814,211,44,1
815,44,341,1
816,341,44,1
817,44,55,1
818,55,44,1
819,44,314,1
820,314,44,1
821,44,347,1
822,347,44,1
823,44,336,1
824,336,44,1
825,44,127,1
826,127,44,1
827,45,291,1
828,291,45,1
829,45,472,1
830,472,45,1
831,45,77,1
832,77,45,1
833,45,163,1
834,163,45,1
835,45,399,1
836,399,45,1
837,45,337,1
838,337,45,1
839,45,378,1
840,378,45,1
841,45,314,1
842,314,45,1
843,45,412,1
844,412,45,1
845,46,323,1
846,323,46,1
847,46,247,1
848,247,46,1
849,46,104,1
850,104,46,1
851,46,137,1
852,137,46,1
853,46,296,1
854,296,46,1
855,46,174,1
856,174,46,1
857,46,496,1
858,496,46,1
859,46,433,1
860,433,46,1
861,46,53,1
862,53,46,1
863,46,183,1
864,183,46,1
865,46,123,1
866,123,46,1
867,47,450,1
868,450,47,1
869,47,421,1
870,421,47,1
871,47,200,1
872,200,47,1
873,47,240,1
874,240,47,1
875,47,440,1
876,440,47,1
877,47,126,1
878,126,47,1
879,48,321,1
880,321,48,1
881,48,198,1
882,198,48,1
883,48,298,1
884,298,48,1
885,48,397,1
886,397,48,1
887,48,312,1
888,312,48,1
889,48,189,1
890,189,48,1
891,48,223,1
892,223,48,1
893,49,81,1
894,81,49,1
895,49,330,1
896,330,49,1
897,49,131,1
898,131,49,1
899,49,357,1
900,357,49,1
901,49,198,1
902,198,49,1
903,50,99,1
904,99,50,1
905,50,136,1
906,136,50,1
907,50,333,1
908,333,50,1
909,50,496,1
910,496,50,1
911,50,309,1
912,309,50,1
913,50,54,1
914,54,50,1
915,50,408,1
916,408,50,1
917,50,94,1
918,94,50,1
919,50,287,1
920,287,50,1
921,51,290,1
922,290,51,1
923,51,173,1
924,173,51,1
925,51,108,1
926,108,51,1
927,51,269,1
928,269,51,1
929,51,434,1
930,434,51,1
931,51,500,1
932,500,51,1
933,51,405,1
934,405,51,1
935,52,425,1
936,425,52,1
937,52,175,1
938,175,52,1
939,52,495,1
940,495,52,1
941,52,375,1
942,375,52,1
943,52,121,1
944,121,52,1
945,52,286,1
946,286,52,1
947,53,438,1
948,438,53,1
949,53,222,1
950,222,53,1
951,54,225,1
952,225,54,1
953,54,67,1
954,67,54,1
955,54,389,1
956,389,54,1
957,54,274,1
958,274,54,1
959,54,382,1
960,382,54,1
961,55,321,1
962,321,55,1
963,55,194,1
964,194,55,1
965,55,163,1
966,163,55,1
967,55,101,1
968,101,55,1
969,55,461,1
970,461,55,1
971,55,173,1
972,173,55,1
973,55,468,1
974,468,55,1
975,55,244,1
976,244,55,1
977,55,59,1
978,59,55,1
979,55,477,1
980,477,55,1
981,55,443,1
982,443,55,1
983,55,415,1
984,415,55,1
985,56,100,1
986,100,56,1
987,56,325,1
988,325,56,1
989,56,72,1
990,72,56,1
991,56,204,1
992,204,56,1
993,56,209,1
994,209,56,1
995,56,274,1
996,274,56,1
997,56,467,1
998,467,56,1
999,56,244,1
1000,244,56,1
1001,56,287,1
1002,287,56,1
1003,56,122,1
1004,122,56,1
1005,56,90,1
1006,90,56,1
1007,56,316,1
1008,316,56,1
1009,56,216,1
1010,216,56,1
1011,57,433,1
1012,433,57,1
1013,57,132,1
1014,132,57,1
1015,57,485,1
1016,485,57,1
1017,57,77,1
1018,77,57,1
1019,57,143,1
1020,143,57,1
1021,57,337,1
1022,337,57,1
1023,57,415,1
1024,415,57,1
1025,57,376,1
1026,376,57,1
1027,57,409,1
1028,409,57,1
1029,57,319,1
1030,319,57,1
1031,58,357,1
1032,357,58,1
1033,58,487,1
1034,487,58,1
1035,58,327,1
1036,327,58,1
1037,58,328,1
1038,328,58,1
1039,58,367,1
1040,367,58,1
1041,58,371,1
1042,371,58,1
1043,58,500,1
1044,500,58,1
1045,58,88,1
1046,88,58,1
1047,58,287,1
1048,287,58,1
1049,59,417,1
1050,417,59,1
1051,59,311,1
1052,311,59,1
1053,59,485,1
1054,485,59,1
1055,59,326,1
1056,326,59,1
1057,59,73,1
1058,73,59,1
1059,59,342,1
1060,342,59,1
1061,59,216,1
1062,216,59,1
1063,59,410,1
1064,410,59,1
1065,59,124,1
1066,124,59,1
1067,59,192,1
1068,192,59,1
1069,60,97,1
1070,97,60,1
1071,60,401,1
1072,401,60,1
1073,60,132,1
1074,132,60,1
1075,60,171,1
1076,171,60,1
1077,60,246,1
1078,246,60,1
1079,60,420,1
1080,420,60,1
1081,60,377,1
1082,377,60,1
1083,60,416,1
1084,416,60,1
1085,60,159,1
1086,159,60,1
1087,60,214,1
1088,214,60,1
1089,61,65,1
1090,65,61,1
1091,61,289,1
1092,289,61,1
1093,61,259,1
1094,259,61,1
1095,61,71,1
1096,71,61,1
1097,61,362,1
1098,362,61,1
1099,61,107,1
1100,107,61,1
1101,61,333,1
1102,333,61,1
1103,61,408,1
1104,408,61,1
1105,61,223,1
1106,223,61,1
1107,62,291,1
1108,291,62,1
1109,62,361,1
1110,361,62,1
1111,62,203,1
1112,203,62,1
1113,62,277,1
1114,277,62,1
1115,62,342,1
1116,342,62,1
1117,62,88,1
1118,88,62,1
1119,62,149,1
1120,149,62,1
1121,62,412,1
1122,412,62,1
1123,62,126,1
1124,126,62,1
1125,63,410,1
1126,410,63,1
1127,63,98,1
1128,98,63,1
1129,63,419,1
1130,419,63,1
1131,63,376,1
1132,376,63,1
1133,63,421,1
1134,421,63,1
1135,63,243,1
1136,243,63,1
1137,63,307,1
1138,307,63,1
1139,63,241,1
1140,241,63,1
1141,63,177,1
1142,177,63,1
1143,63,418,1
1144,418,63,1
1145,63,179,1
1146,179,63,1
1147,63,119,1
1148,119,63,1
1149,63,184,1
1150,184,63,1
1151,63,186,1
1152,186,63,1
1153,63,91,1
1154,91,63,1
1155,63,381,1
1156,381,63,1
1157,63,159,1
1158,159,63,1
1159,64,66,1
1160,66,64,1
1161,64,98,1
1162,98,64,1
1163,64,285,1
1164,285,64,1
1165,64,268,1
1166,268,64,1
1167,64,270,1
1168,270,64,1
1169,64,432,1
1170,432,64,1
1171,64,370,1
1172,370,64,1
1173,64,378,1
1174,378,64,1
1175,64,189,1
1176,189,64,1
1177,65,452,1
1178,452,65,1
1179,65,261,1
1180,261,65,1
1181,65,102,1
1182,102,65,1
1183,65,76,1
1184,76,65,1
1185,65,462,1
1186,462,65,1
1187,65,286,1
1188,286,65,1
1189,65,468,1
1190,468,65,1
1191,65,245,1
1192,245,65,1
1193,65,186,1
1194,186,65,1
1195,65,154,1
1196,154,65,1
1197,65,475,1
1198,475,65,1
1199,65,254,1
1200,254,65,1
1201,65,416,1
1202,416,65,1
1203,66,114,1
1204,114,66,1
1205,66,355,1
1206,355,66,1
1207,66,136,1
1208,136,66,1
1209,66,263,1
1210,263,66,1
1211,67,129,1
1212,129,67,1
1213,67,324,1
1214,324,67,1
1215,67,421,1
1216,421,67,1
1217,67,425,1
1218,425,67,1
1219,67,492,1
1220,492,67,1
1221,67,407,1
1222,407,67,1
1223,67,122,1
1224,122,67,1
1225,67,315,1
1226,315,67,1
1227,67,414,1
1228,414,67,1
1229,68,129,1
1230,129,68,1
1231,68,290,1
1232,290,68,1
1233,68,417,1
1234,417,68,1
1235,68,427,1
1236,427,68,1
1237,68,499,1
1238,499,68,1
1239,68,239,1
1240,239,68,1
1241,68,403,1
1242,403,68,1
1243,68,340,1
1244,340,68,1
1245,68,449,1
1246,449,68,1
1247,68,374,1
1248,374,68,1
1249,68,399,1
1250,399,68,1
1251,68,191,1
1252,191,68,1
1253,68,128,1
1254,128,68,1
1255,69,237,1
1256,237,69,1
1257,69,464,1
1258,464,69,1
1259,69,177,1
1260,177,69,1
1261,69,82,1
1262,82,69,1
1263,69,243,1
1264,243,69,1
1265,69,376,1
1266,376,69,1
1267,69,189,1
1268,189,69,1
1269,69,190,1
1270,190,69,1
1271,70,290,1
1272,290,70,1
1273,70,99,1
1274,99,70,1
1275,70,388,1
1276,388,70,1
1277,70,325,1
1278,325,70,1
1279,70,424,1
1280,424,70,1
1281,70,357,1
1282,357,70,1
1283,70,435,1
1284,435,70,1
1285,70,212,1
1286,212,70,1
1287,70,118,1
1288,118,70,1
1289,70,186,1
1290,186,70,1
1291,70,476,1
1292,476,70,1
1293,70,189,1
1294,189,70,1
1295,70,478,1
1296,478,70,1
1297,71,444,1
1298,444,71,1
1299,71,180,1
1300,180,71,1
1301,71,263,1
1302,263,71,1
1303,71,489,1
1304,489,71,1
1305,71,234,1
1306,234,71,1
1307,71,494,1
1308,494,71,1
1309,71,144,1
1310,144,71,1
1311,71,148,1
1312,148,71,1
1313,71,119,1
1314,119,71,1
1315,71,266,1
1316,266,71,1
1317,71,348,1
1318,348,71,1
1319,71,294,1
1320,294,71,1
1321,72,451,1
1322,451,72,1
1323,72,136,1
1324,136,72,1
1325,72,234,1
1326,234,72,1
1327,72,395,1
1328,395,72,1
1329,72,360,1
1330,360,72,1
1331,72,286,1
1332,286,72,1
1333,72,115,1
1334,115,72,1
1335,72,308,1
1336,308,72,1
1337,72,245,1
1338,245,72,1
1339,72,279,1
1340,279,72,1
1341,72,158,1
1342,158,72,1
1343,72,351,1
1344,351,72,1
1345,73,100,1
1346,100,73,1
1347,73,471,1
1348,471,73,1
1349,73,269,1
1350,269,73,1
1351,73,244,1
1352,244,73,1
1353,73,279,1
1354,279,73,1
1355,73,365,1
1356,365,73,1
1357,73,92,1
1358,92,73,1
1359,73,388,1
1360,388,73,1
1361,73,191,1
1362,191,73,1
1363,73,320,1
1364,320,73,1
1365,74,456,1
1366,456,74,1
1367,74,271,1
1368,271,74,1
1369,74,212,1
1370,212,74,1
1371,74,471,1
1372,471,74,1
1373,74,446,1
1374,446,74,1
1375,75,440,1
1376,440,75,1
1377,75,169,1
1378,169,75,1
1379,75,170,1
1380,170,75,1
1381,75,396,1
1382,396,75,1
1383,75,142,1
1384,142,75,1
1385,75,341,1
1386,341,75,1
1387,75,121,1
1388,121,75,1
1389,75,346,1
1390,346,75,1
1391,75,255,1
1392,255,75,1
1393,76,462,1
1394,462,76,1
1395,76,104,1
1396,104,76,1
1397,76,366,1
1398,366,76,1
1399,76,85,1
1400,85,76,1
1401,76,154,1
1402,154,76,1
1403,76,347,1
1404,347,76,1
1405,77,308,1
1406,308,77,1
1407,77,266,1
1408,266,77,1
1409,77,272,1
1410,272,77,1
1411,77,465,1
1412,465,77,1
1413,77,148,1
1414,148,77,1
1415,77,367,1
1416,367,77,1
1417,77,186,1
1418,186,77,1
1419,77,475,1
1420,475,77,1
1421,77,470,1
1422,470,77,1
1423,78,184,1
1424,184,78,1
1425,78,269,1
1426,269,78,1
1427,78,142,1
1428,142,78,1
1429,78,312,1
1430,312,78,1
1431,78,185,1
1432,185,78,1
1433,78,480,1
1434,480,78,1
1435,79,385,1
1436,385,79,1
1437,79,98,1
1438,98,79,1
1439,79,390,1
1440,390,79,1
1441,79,492,1
1442,492,79,1
1443,79,304,1
1444,304,79,1
1445,79,449,1
1446,449,79,1
1447,79,476,1
1448,476,79,1
1449,79,157,1
1450,157,79,1
1451,80,99,1
1452,99,80,1
1453,80,199,1
1454,199,80,1
1455,80,456,1
1456,456,80,1
1457,80,204,1
1458,204,80,1
1459,80,302,1
1460,302,80,1
1461,80,81,1
1462,81,80,1
1463,80,403,1
1464,403,80,1
1465,80,245,1
1466,245,80,1
1467,81,131,1
1468,131,81,1
1469,81,236,1
1470,236,81,1
1471,81,108,1
1472,108,81,1
1473,81,302,1
1474,302,81,1
1475,81,84,1
1476,84,81,1
1477,81,118,1
1478,118,81,1
1479,82,257,1
1480,257,82,1
1481,82,428,1
1482,428,82,1
1483,82,295,1
1484,295,82,1
1485,82,468,1
1486,468,82,1
1487,82,172,1
1488,172,82,1
1489,82,431,1
1490,431,82,1
1491,82,276,1
1492,276,82,1
1493,82,283,1
1494,283,82,1
1495,82,284,1
1496,284,82,1
1497,82,157,1
1498,157,82,1
1499,82,415,1
1500,415,82,1
1501,83,227,1
1502,227,83,1
1503,83,452,1
1504,452,83,1
1505,83,306,1
1506,306,83,1
1507,83,267,1
1508,267,83,1
1509,83,242,1
1510,242,83,1
1511,83,128,1
1512,128,83,1
1513,84,194,1
1514,194,84,1
1515,84,418,1
1516,418,84,1
1517,84,209,1
1518,209,84,1
1519,84,111,1
1520,111,84,1
1521,84,464,1
1522,464,84,1
1523,84,175,1
1524,175,84,1
1525,84,317,1
1526,317,84,1
1527,85,186,1
1528,186,85,1
1529,85,324,1
1530,324,85,1
1531,85,349,1
1532,349,85,1
1533,86,417,1
1534,417,86,1
1535,86,99,1
1536,99,86,1
1537,86,261,1
1538,261,86,1
1539,86,494,1
1540,494,86,1
1541,86,426,1
1542,426,86,1
1543,86,140,1
1544,140,86,1
1545,86,141,1
1546,141,86,1
1547,86,238,1
1548,238,86,1
1549,86,497,1
1550,497,86,1
1551,86,178,1
1552,178,86,1
1553,86,218,1
1554,218,86,1
1555,86,400,1
1556,400,86,1
1557,86,383,1
1558,383,86,1
1559,87,483,1
1560,483,87,1
1561,87,457,1
1562,457,87,1
1563,87,494,1
1564,494,87,1
1565,87,305,1
1566,305,87,1
1567,87,439,1
1568,439,87,1
1569,87,187,1
1570,187,87,1
1571,87,380,1
1572,380,87,1
1573,87,445,1
1574,445,87,1
1575,87,395,1
1576,395,87,1
1577,88,257,1
1578,257,88,1
1579,88,483,1
1580,483,88,1
1581,88,100,1
1582,100,88,1
1583,88,268,1
1584,268,88,1
1585,88,240,1
1586,240,88,1
1587,88,207,1
1588,207,88,1
1589,88,177,1
1590,177,88,1
1591,88,212,1
1592,212,88,1
1593,88,342,1
1594,342,88,1
1595,88,188,1
1596,188,88,1
1597,89,293,1
1598,293,89,1
1599,89,331,1
1600,331,89,1
1601,89,176,1
1602,176,89,1
1603,89,180,1
1604,180,89,1
1605,89,344,1
1606,344,89,1
1607,89,409,1
1608,409,89,1
1609,89,122,1
1610,122,89,1
1611,89,475,1
1612,475,89,1
1613,89,124,1
1614,124,89,1
1615,89,221,1
1616,221,89,1
1617,90,391,1
1618,391,90,1
1619,90,103,1
1620,103,90,1
1621,90,142,1
1622,142,90,1
1623,90,318,1
1624,318,90,1
1625,90,273,1
1626,273,90,1
1627,90,309,1
1628,309,90,1
1629,90,222,1
1630,222,90,1
1631,91,161,1
1632,161,91,1
1633,91,298,1
1634,298,91,1
1635,91,424,1
1636,424,91,1
1637,91,269,1
1638,269,91,1
1639,91,239,1
1640,239,91,1
1641,91,248,1
1642,248,91,1
1643,91,320,1
1644,320,91,1
1645,91,382,1
1646,382,91,1
1647,91,160,1
1648,160,91,1
1649,92,198,1
1650,198,92,1
1651,92,423,1
1652,423,92,1
1653,92,491,1
1654,491,92,1
1655,92,111,1
1656,111,92,1
1657,92,498,1
1658,498,92,1
1659,92,122,1
1660,122,92,1
1661,92,319,1
1662,319,92,1
1663,93,402,1
1664,402,93,1
1665,93,105,1
1666,105,93,1
1667,93,138,1
1668,138,93,1
1669,93,107,1
1670,107,93,1
1671,93,456,1
1672,456,93,1
1673,93,393,1
1674,393,93,1
1675,93,471,1
1676,471,93,1
1677,93,221,1
1678,221,93,1
1679,94,199,1
1680,199,94,1
1681,94,392,1
1682,392,94,1
1683,94,235,1
1684,235,94,1
1685,94,488,1
1686,488,94,1
1687,94,217,1
1688,217,94,1
1689,95,355,1
1690,355,95,1
1691,95,229,1
1692,229,95,1
1693,95,167,1
1694,167,95,1
1695,95,266,1
1696,266,95,1
1697,95,334,1
1698,334,95,1
1699,95,213,1
1700,213,95,1
1701,95,189,1
1702,189,95,1
1703,95,127,1
1704,127,95,1
1705,95,192,1
1706,192,95,1
1707,96,449,1
1708,449,96,1
1709,96,209,1
1710,209,96,1
1711,96,226,1
1712,226,96,1
1713,96,349,1
1714,349,96,1
1715,96,431,1
1716,431,96,1
1717,96,145,1
1718,145,96,1
1719,96,329,1
1720,329,96,1
1721,96,179,1
1722,179,96,1
1723,96,277,1
1724,277,96,1
1725,96,218,1
1726,218,96,1
1727,96,221,1
1728,221,96,1
1729,96,320,1
1730,320,96,1
1731,97,225,1
1732,225,97,1
1733,97,131,1
1734,131,97,1
1735,97,330,1
1736,330,97,1
1737,97,241,1
1738,241,97,1
1739,97,434,1
1740,434,97,1
1741,97,179,1
1742,179,97,1
1743,97,440,1
1744,440,97,1
1745,97,379,1
1746,379,97,1
1747,98,485,1
1748,485,98,1
1749,98,202,1
1750,202,98,1
1751,98,237,1
1752,237,98,1
1753,98,320,1
1754,320,98,1
1755,98,271,1
1756,271,98,1
1757,98,284,1
1758,284,98,1
1759,98,127,1
1760,127,98,1
1761,99,354,1
1762,354,99,1
1763,99,198,1
1764,198,99,1
1765,99,374,1
1766,374,99,1
1767,99,266,1
1768,266,99,1
1769,99,332,1
1770,332,99,1
1771,99,468,1
1772,468,99,1
1773,99,405,1
1774,405,99,1
1775,99,320,1
1776,320,99,1
1777,99,284,1
1778,284,99,1
1779,99,192,1
1780,192,99,1
1781,100,385,1
1782,385,100,1
1783,100,147,1
1784,147,100,1
1785,100,150,1
1786,150,100,1
1787,100,204,1
1788,204,100,1
1789,100,154,1
1790,154,100,1
1791,101,452,1
1792,452,101,1
1793,101,343,1
1794,343,101,1
1795,101,326,1
1796,326,101,1
1797,101,265,1
1798,265,101,1
1799,101,458,1
1800,458,101,1
1801,101,268,1
1802,268,101,1
1803,101,342,1
1804,342,101,1
1805,101,253,1
1806,253,101,1
1807,102,193,1
1808,193,102,1
1809,102,364,1
1810,364,102,1
1811,102,261,1
1812,261,102,1
1813,102,135,1
1814,135,102,1
1815,102,137,1
1816,137,102,1
1817,102,490,1
1818,490,102,1
1819,102,491,1
1820,491,102,1
1821,102,296,1
1822,296,102,1
1823,102,239,1
1824,239,102,1
1825,102,393,1
1826,393,102,1
1827,102,275,1
1828,275,102,1
1829,102,244,1
1830,244,102,1
1831,102,186,1
1832,186,102,1
1833,102,413,1
1834,413,102,1
1835,102,254,1
1836,254,102,1
1837,103,227,1
1838,227,103,1
1839,103,135,1
1840,135,103,1
1841,103,437,1
1842,437,103,1
1843,103,112,1
1844,112,103,1
1845,103,181,1
1846,181,103,1
1847,104,239,1
1848,239,104,1
1849,104,113,1
1850,113,104,1
1851,104,402,1
1852,402,104,1
1853,104,115,1
1854,115,104,1
1855,104,132,1
1856,132,104,1
1857,104,438,1
1858,438,104,1
1859,104,413,1
1860,413,104,1
1861,104,127,1
1862,127,104,1
1863,104,384,1
1864,384,104,1
1865,105,137,1
1866,137,105,1
1867,105,461,1
1868,461,105,1
1869,105,432,1
1870,432,105,1
1871,105,401,1
1872,401,105,1
1873,105,341,1
1874,341,105,1
1875,105,316,1
1876,316,105,1
1877,105,191,1
1878,191,105,1
1879,105,416,1
1880,416,105,1
1881,106,354,1
1882,354,106,1
1883,106,210,1
1884,210,106,1
1885,106,114,1
1886,114,106,1
1887,106,281,1
1888,281,106,1
1889,106,415,1
1890,415,106,1
1891,106,416,1
1892,416,106,1
1893,107,257,1
1894,257,107,1
1895,107,259,1
1896,259,107,1
1897,107,113,1
1898,113,107,1
1899,107,180,1
1900,180,107,1
1901,108,305,1
1902,305,108,1
1903,108,325,1
1904,325,108,1
1905,108,456,1
1906,456,108,1
1907,108,116,1
1908,116,108,1
1909,109,227,1
1910,227,109,1
1911,109,204,1
1912,204,109,1
1913,109,135,1
1914,135,109,1
1915,109,426,1
1916,426,109,1
1917,109,140,1
1918,140,109,1
1919,109,205,1
1920,205,109,1
1921,109,461,1
1922,461,109,1
1923,109,177,1
1924,177,109,1
1925,109,220,1
1926,220,109,1
1927,109,317,1
1928,317,109,1
1929,110,202,1
1930,202,110,1
1931,110,269,1
1932,269,110,1
1933,110,304,1
1934,304,110,1
1935,110,434,1
1936,434,110,1
1937,110,499,1
1938,499,110,1
1939,110,182,1
1940,182,110,1
1941,110,475,1
1942,475,110,1
1943,111,161,1
1944,161,111,1
1945,111,225,1
1946,225,111,1
1947,111,483,1
1948,483,111,1
1949,111,340,1
1950,340,111,1
1951,111,499,1
1952,499,111,1
1953,111,149,1
1954,149,111,1
1955,111,280,1
1956,280,111,1
1957,111,405,1
1958,405,111,1
1959,111,127,1
1960,127,111,1
1961,112,343,1
1962,343,112,1
1963,112,326,1
1964,326,112,1
1965,112,265,1
1966,265,112,1
1967,112,175,1
1968,175,112,1
1969,112,468,1
1970,468,112,1
1971,112,279,1
1972,279,112,1
1973,112,440,1
1974,440,112,1
1975,112,379,1
1976,379,112,1
1977,112,391,1
1978,391,112,1
1979,112,118,1
1980,118,112,1
1981,113,322,1
1982,322,113,1
1983,113,327,1
1984,327,113,1
1985,113,438,1
1986,438,113,1
1987,113,410,1
1988,410,113,1
1989,113,320,1
1990,320,113,1
1991,114,455,1
1992,455,114,1
1993,114,226,1
1994,226,114,1
1995,114,425,1
1996,425,114,1
1997,114,245,1
1998,245,114,1
1999,114,379,1
2000,379,114,1
2001,114,316,1
2002,316,114,1
2003,114,125,1
2004,125,114,1
2005,115,132,1
2006,132,115,1
2007,115,391,1
2008,391,115,1
2009,115,168,1
2010,168,115,1
2011,115,462,1
2012,462,115,1
2013,115,143,1
2014,143,115,1
2015,115,304,1
2016,304,115,1
2017,115,177,1
2018,177,115,1
2019,115,420,1
2020,420,115,1
2021,115,188,1
2022,188,115,1
2023,116,297,1
2024,297,116,1
2025,116,398,1
2026,398,116,1
2027,116,240,1
2028,240,116,1
2029,116,281,1
2030,281,116,1
2031,116,407,1
2032,407,116,1
2033,116,153,1
2034,153,116,1
2035,116,348,1
2036,348,116,1
2037,117,357,1
2038,357,117,1
2039,117,231,1
2040,231,117,1
2041,117,329,1
2042,329,117,1
2043,117,174,1
2044,174,117,1
2045,117,143,1
2046,143,117,1
2047,117,393,1
2048,393,117,1
2049,117,468,1
2050,468,117,1
2051,117,438,1
2052,438,117,1
2053,117,185,1
2054,185,117,1
2055,117,287,1
2056,287,117,1
2057,118,324,1
2058,324,118,1
2059,118,233,1
2060,233,118,1
2061,118,141,1
2062,141,118,1
2063,118,144,1
2064,144,118,1
2065,118,156,1
2066,156,118,1
2067,119,420,1
2068,420,119,1
2069,119,429,1
2070,429,119,1
2071,119,304,1
2072,304,119,1
2073,119,185,1
2074,185,119,1
2075,119,380,1
2076,380,119,1
2077,120,130,1
2078,130,120,1
2079,120,294,1
2080,294,120,1
2081,120,381,1
2082,381,120,1
2083,120,370,1
2084,370,120,1
2085,120,441,1
2086,441,120,1
2087,120,349,1
2088,349,120,1
2089,121,198,1
2090,198,121,1
2091,121,341,1
2092,341,121,1
2093,121,319,1
2094,319,121,1
2095,122,258,1
2096,258,122,1
2097,122,388,1
2098,388,122,1
2099,122,280,1
2100,280,122,1
2101,122,323,1
2102,323,122,1
2103,122,419,1
2104,419,122,1
2105,122,273,1
2106,273,122,1
2107,122,306,1
2108,306,122,1
2109,122,432,1
2110,432,122,1
2111,122,412,1
2112,412,122,1
2113,122,285,1
2114,285,122,1
2115,123,450,1
2116,450,123,1
2117,123,195,1
2118,195,123,1
2119,123,198,1
2120,198,123,1
2121,123,423,1
2122,423,123,1
2123,123,487,1
2124,487,123,1
2125,123,332,1
2126,332,123,1
2127,123,174,1
2128,174,123,1
2129,123,446,1
2130,446,123,1
2131,124,260,1
2132,260,124,1
2133,124,329,1
2134,329,124,1
2135,124,428,1
2136,428,124,1
2137,124,339,1
2138,339,124,1
2139,124,311,1
2140,311,124,1
2141,124,410,1
2142,410,124,1
2143,124,190,1
2144,190,124,1
2145,124,224,1
2146,224,124,1
2147,125,419,1
2148,419,125,1
2149,125,375,1
2150,375,125,1
2151,125,167,1
2152,167,125,1
2153,125,493,1
2154,493,125,1
2155,125,451,1
2156,451,125,1
2157,125,311,1
2158,311,125,1
2159,125,126,1
2160,126,125,1
2161,126,390,1
2162,390,126,1
2163,126,461,1
2164,461,126,1
2165,126,493,1
2166,493,126,1
2167,126,155,1
2168,155,126,1
2169,126,253,1
2170,253,126,1
2171,126,283,1
2172,283,126,1
2173,127,198,1
2174,198,127,1
2175,127,290,1
2176,290,127,1
2177,127,242,1
2178,242,127,1
2179,127,441,1
2180,441,127,1
2181,127,454,1
2182,454,127,1
2183,128,428,1
2184,428,128,1
2185,128,367,1
2186,367,128,1
2187,128,463,1
2188,463,128,1
2189,128,183,1
2190,183,128,1
2191,128,249,1
2192,249,128,1
2193,129,137,1
2194,137,129,1
2195,129,234,1
2196,234,129,1
2197,129,483,1
2198,483,129,1
2199,129,307,1
2200,307,129,1
2201,129,469,1
2202,469,129,1
2203,129,217,1
2204,217,129,1
2205,129,219,1
2206,219,129,1
2207,129,189,1
2208,189,129,1
2209,130,321,1
2210,321,130,1
2211,130,417,1
2212,417,130,1
2213,130,484,1
2214,484,130,1
2215,130,169,1
2216,169,130,1
2217,130,429,1
2218,429,130,1
2219,130,483,1
2220,483,130,1
2221,130,500,1
2222,500,130,1
2223,130,201,1
2224,201,130,1
2225,130,404,1
2226,404,130,1
2227,130,345,1
2228,345,130,1
2229,130,154,1
2230,154,130,1
2231,130,220,1
2232,220,130,1
2233,130,221,1
2234,221,130,1
2235,131,453,1
2236,453,131,1
2237,131,327,1
2238,327,131,1
2239,131,263,1
2240,263,131,1
2241,131,265,1
2242,265,131,1
2243,131,334,1
2244,334,131,1
2245,131,311,1
2246,311,131,1
2247,131,250,1
2248,250,131,1
2249,131,414,1
2250,414,131,1
2251,132,356,1
2252,356,132,1
2253,132,393,1
2254,393,132,1
2255,132,302,1
2256,302,132,1
2257,132,208,1
2258,208,132,1
2259,132,148,1
2260,148,132,1
2261,133,275,1
2262,275,133,1
2263,133,456,1
2264,456,133,1
2265,133,494,1
2266,494,133,1
2267,133,280,1
2268,280,133,1
2269,134,198,1
2270,198,134,1
2271,134,442,1
2272,442,134,1
2273,134,282,1
2274,282,134,1
2275,134,158,1
2276,158,134,1
2277,134,479,1
2278,479,134,1
2279,135,420,1
2280,420,135,1
2281,135,239,1
2282,239,135,1
2283,135,305,1
2284,305,135,1
2285,135,271,1
2286,271,135,1
2287,135,246,1
2288,246,135,1
2289,135,343,1
2290,343,135,1
2291,136,290,1
2292,290,136,1
2293,136,483,1
2294,483,136,1
2295,136,238,1
2296,238,136,1
2297,136,373,1
2298,373,136,1
2299,136,438,1
2300,438,136,1
2301,136,469,1
2302,469,136,1
2303,136,443,1
2304,443,136,1
2305,136,256,1
2306,256,136,1
2307,137,419,1
2308,419,137,1
2309,137,172,1
2310,172,137,1
2311,137,452,1
2312,452,137,1
2313,137,361,1
2314,361,137,1
2315,137,164,1
2316,164,137,1
2317,137,377,1
2318,377,137,1
2319,137,180,1
2320,180,137,1
2321,137,479,1
2322,479,137,1
2323,137,230,1
2324,230,137,1
2325,138,258,1
2326,258,138,1
2327,138,420,1
2328,420,138,1
2329,138,389,1
2330,389,138,1
2331,138,399,1
2332,399,138,1
2333,138,437,1
2334,437,138,1
2335,138,448,1
2336,448,138,1
2337,139,266,1
2338,266,139,1
2339,139,500,1
2340,500,139,1
2341,139,317,1
2342,317,139,1
2343,139,351,1
2344,351,139,1
2345,139,255,1
2346,255,139,1
2347,140,164,1
2348,164,140,1
2349,140,455,1
2350,455,140,1
2351,140,300,1
2352,300,140,1
2353,140,206,1
2354,206,140,1
2355,140,143,1
2356,143,140,1
2357,140,339,1
2358,339,140,1
2359,140,460,1
2360,460,140,1
2361,141,486,1
2362,486,141,1
2363,141,233,1
2364,233,141,1
2365,141,405,1
2366,405,141,1
2367,141,462,1
2368,462,141,1
2369,141,210,1
2370,210,141,1
2371,141,277,1
2372,277,141,1
2373,141,217,1
2374,217,141,1
2375,141,154,1
2376,154,141,1
2377,142,166,1
2378,166,142,1
2379,142,335,1
2380,335,142,1
2381,142,464,1
2382,464,142,1
2383,142,305,1
2384,305,142,1
2385,142,181,1
2386,181,142,1
2387,142,286,1
2388,286,142,1
2389,143,337,1
2390,337,143,1
2391,143,294,1
2392,294,143,1
2393,143,489,1
2394,489,143,1
2395,143,397,1
2396,397,143,1
2397,143,305,1
2398,305,143,1
2399,143,466,1
2400,466,143,1
2401,143,406,1
2402,406,143,1
2403,143,316,1
2404,316,143,1
2405,143,191,1
2406,191,143,1
2407,143,422,1
2408,422,143,1
2409,144,356,1
2410,356,144,1
2411,144,362,1
2412,362,144,1
2413,144,174,1
2414,174,144,1
2415,144,175,1
2416,175,144,1
2417,144,179,1
2418,179,144,1
2419,144,244,1
2420,244,144,1
2421,144,431,1
2422,431,144,1
2423,144,376,1
2424,376,144,1
2425,144,185,1
2426,185,144,1
2427,144,187,1
2428,187,144,1
2429,144,380,1
2430,380,144,1
2431,145,483,1
2432,483,145,1
2433,145,453,1
2434,453,145,1
2435,145,297,1
2436,297,145,1
2437,145,236,1
2438,236,145,1
2439,145,345,1
2440,345,145,1
2441,145,246,1
2442,246,145,1
2443,145,155,1
2444,155,145,1
2445,145,190,1
2446,190,145,1
2447,146,360,1
2448,360,146,1
2449,146,266,1
2450,266,146,1
2451,146,332,1
2452,332,146,1
2453,146,397,1
2454,397,146,1
2455,146,206,1
2456,206,146,1
2457,146,471,1
2458,471,146,1
2459,146,362,1
2460,362,146,1
2461,146,186,1
2462,186,146,1
2463,146,284,1
2464,284,146,1
2465,146,478,1
2466,478,146,1
2467,146,448,1
2468,448,146,1
2469,147,166,1
2470,166,147,1
2471,147,298,1
2472,298,147,1
2473,147,363,1
2474,363,147,1
2475,147,205,1
2476,205,147,1
2477,147,270,1
2478,270,147,1
2479,147,316,1
2480,316,147,1
2481,147,446,1
2482,446,147,1
2483,148,201,1
2484,201,148,1
2485,148,235,1
2486,235,148,1
2487,148,204,1
2488,204,148,1
2489,148,275,1
2490,275,148,1
2491,148,215,1
2492,215,148,1
2493,148,282,1
2494,282,148,1
2495,148,415,1
2496,415,148,1
2497,149,460,1
2498,460,149,1
2499,149,454,1
2500,454,149,1
2501,149,370,1
2502,370,149,1
2503,149,426,1
2504,426,149,1
2505,149,456,1
2506,456,149,1
2507,149,400,1
2508,400,149,1
2509,149,306,1
2510,306,149,1
2511,149,250,1
2512,250,149,1
2513,149,253,1
2514,253,149,1
2515,149,486,1
2516,486,149,1
2517,150,456,1
2518,456,150,1
2519,150,328,1
2520,328,150,1
2521,150,465,1
2522,465,150,1
2523,150,292,1
2524,292,150,1
2525,150,476,1
2526,476,150,1
2527,150,254,1
2528,254,150,1
2529,150,460,1
2530,460,150,1
2531,150,480,1
2532,480,150,1
2533,151,420,1
2534,420,151,1
2535,151,242,1
2536,242,151,1
2537,151,205,1
2538,205,151,1
2539,151,338,1
2540,338,151,1
2541,151,307,1
2542,307,151,1
2543,151,155,1
2544,155,151,1
2545,152,356,1
2546,356,152,1
2547,152,199,1
2548,199,152,1
2549,152,456,1
2550,456,152,1
2551,152,169,1
2552,169,152,1
2553,152,271,1
2554,271,152,1
2555,152,350,1
2556,350,152,1
2557,152,242,1
2558,242,152,1
2559,152,276,1
2560,276,152,1
2561,152,341,1
2562,341,152,1
2563,152,408,1
2564,408,152,1
2565,152,217,1
2566,217,152,1
2567,152,318,1
2568,318,152,1
2569,153,193,1
2570,193,153,1
2571,153,486,1
2572,486,153,1
2573,153,391,1
2574,391,153,1
2575,153,360,1
2576,360,153,1
2577,153,333,1
2578,333,153,1
2579,153,273,1
2580,273,153,1
2581,153,437,1
2582,437,153,1
2583,153,408,1
2584,408,153,1
2585,154,294,1
2586,294,154,1
2587,154,199,1
2588,199,154,1
2589,154,338,1
2590,338,154,1
2591,154,256,1
2592,256,154,1
2593,155,393,1
2594,393,155,1
2595,155,234,1
2596,234,155,1
2597,155,467,1
2598,467,155,1
2599,155,345,1
2600,345,155,1
2601,155,435,1
2602,435,155,1
2603,155,376,1
2604,376,155,1
2605,155,185,1
2606,185,155,1
2607,155,384,1
2608,384,155,1
2609,156,454,1
2610,454,156,1
2611,156,392,1
2612,392,156,1
2613,156,489,1
2614,489,156,1
2615,156,365,1
2616,365,156,1
2617,156,375,1
2618,375,156,1
2619,156,158,1
2620,158,156,1
2621,156,160,1
2622,160,156,1
2623,157,161,1
2624,161,157,1
2625,157,173,1
2626,173,157,1
2627,157,490,1
2628,490,157,1
2629,158,164,1
2630,164,158,1
2631,158,230,1
2632,230,158,1
2633,158,399,1
2634,399,158,1
2635,158,495,1
2636,495,158,1
2637,158,249,1
2638,249,158,1
2639,159,387,1
2640,387,159,1
2641,159,263,1
2642,263,159,1
2643,159,201,1
2644,201,159,1
2645,159,460,1
2646,460,159,1
2647,159,333,1
2648,333,159,1
2649,159,270,1
2650,270,159,1
2651,159,271,1
2652,271,159,1
2653,159,214,1
2654,214,159,1
2655,159,384,1
2656,384,159,1
2657,160,484,1
2658,484,160,1
2659,160,422,1
2660,422,160,1
2661,160,168,1
2662,168,160,1
2663,160,277,1
2664,277,160,1
2665,160,249,1
2666,249,160,1
2667,160,251,1
2668,251,160,1
2669,161,394,1
2670,394,161,1
2671,161,396,1
2672,396,161,1
2673,161,168,1
2674,168,161,1
2675,161,381,1
2676,381,161,1
2677,161,392,1
2678,392,161,1
2679,161,432,1
2680,432,161,1
2681,161,464,1
2682,464,161,1
2683,161,248,1
2684,248,161,1
2685,161,473,1
2686,473,161,1
2687,161,316,1
2688,316,161,1
2689,161,286,1
2690,286,161,1
2691,162,376,1
2692,376,162,1
2693,162,493,1
2694,493,162,1
2695,162,286,1
2696,286,162,1
2697,162,399,1
2698,399,162,1
2699,162,168,1
2700,168,162,1
2701,163,273,1
2702,273,163,1
2703,163,262,1
2704,262,163,1
2705,163,267,1
2706,267,163,1
2707,163,332,1
2708,332,163,1
2709,163,399,1
2710,399,163,1
2711,163,209,1
2712,209,163,1
2713,163,431,1
2714,431,163,1
2715,163,189,1
2716,189,163,1
2717,164,206,1
2718,206,164,1
2719,164,494,1
2720,494,164,1
2721,164,278,1
2722,278,164,1
2723,165,178,1
2724,178,165,1
2725,165,212,1
2726,212,165,1
2727,165,218,1
2728,218,165,1
2729,165,444,1
2730,444,165,1
2731,165,221,1
2732,221,165,1
2733,165,191,1
2734,191,165,1
2735,166,386,1
2736,386,166,1
2737,166,228,1
2738,228,166,1
2739,166,236,1
2740,236,166,1
2741,166,301,1
2742,301,166,1
2743,166,211,1
2744,211,166,1
2745,166,445,1
2746,445,166,1
2747,167,263,1
2748,263,167,1
2749,167,200,1
2750,200,167,1
2751,167,298,1
2752,298,167,1
2753,167,269,1
2754,269,167,1
2755,167,498,1
2756,498,167,1
2757,168,296,1
2758,296,168,1
2759,168,362,1
2760,362,168,1
2761,168,497,1
2762,497,168,1
2763,168,245,1
2764,245,168,1
2765,168,191,1
2766,191,168,1
2767,169,442,1
2768,442,169,1
2769,169,435,1
2770,435,169,1
2771,169,415,1
2772,415,169,1
2773,169,407,1
2774,407,169,1
2775,169,235,1
2776,235,169,1
2777,169,188,1
2778,188,169,1
2779,169,222,1
2780,222,169,1
2781,169,255,1
2782,255,169,1
2783,170,417,1
2784,417,170,1
2785,170,421,1
2786,421,170,1
2787,170,328,1
2788,328,170,1
2789,170,425,1
2790,425,170,1
2791,170,173,1
2792,173,170,1
2793,170,494,1
2794,494,170,1
2795,170,275,1
2796,275,170,1
2797,170,280,1
2798,280,170,1
2799,170,445,1
2800,445,170,1
2801,171,231,1
2802,231,171,1
2803,171,326,1
2804,326,171,1
2805,171,295,1
2806,295,171,1
2807,172,320,1
2808,320,172,1
2809,173,226,1
2810,226,173,1
2811,173,425,1
2812,425,173,1
2813,173,459,1
2814,459,173,1
2815,173,461,1
2816,461,173,1
2817,173,431,1
2818,431,173,1
2819,173,469,1
2820,469,173,1
2821,173,185,1
2822,185,173,1
2823,174,423,1
2824,423,174,1
2825,174,200,1
2826,200,174,1
2827,174,185,1
2828,185,174,1
2829,174,285,1
2830,285,174,1
2831,175,417,1
2832,417,175,1
2833,175,419,1
2834,419,175,1
2835,175,358,1
2836,358,175,1
2837,175,203,1
2838,203,175,1
2839,175,341,1
2840,341,175,1
2841,175,349,1
2842,349,175,1
2843,175,491,1
2844,491,175,1
2845,176,228,1
2846,228,176,1
2847,176,327,1
2848,327,176,1
2849,176,457,1
2850,457,176,1
2851,176,267,1
2852,267,176,1
2853,176,460,1
2854,460,176,1
2855,176,305,1
2856,305,176,1
2857,176,466,1
2858,466,176,1
2859,176,179,1
2860,179,176,1
2861,176,216,1
2862,216,176,1
2863,176,414,1
2864,414,176,1
2865,176,448,1
2866,448,176,1
2867,177,291,1
2868,291,177,1
2869,177,454,1
2870,454,177,1
2871,177,394,1
2872,394,177,1
2873,177,408,1
2874,408,177,1
2875,177,430,1
2876,430,177,1
2877,177,303,1
2878,303,177,1
2879,177,311,1
2880,311,177,1
2881,177,217,1
2882,217,177,1
2883,177,224,1
2884,224,177,1
2885,178,322,1
2886,322,178,1
2887,178,263,1
2888,263,178,1
2889,178,488,1
2890,488,178,1
2891,178,330,1
2892,330,178,1
2893,178,438,1
2894,438,178,1
2895,178,472,1
2896,472,178,1
2897,178,384,1
2898,384,178,1
2899,179,400,1
2900,400,179,1
2901,179,433,1
2902,433,179,1
2903,179,181,1
2904,181,179,1
2905,179,472,1
2906,472,179,1
2907,180,356,1
2908,356,180,1
2909,180,197,1
2910,197,180,1
2911,180,295,1
2912,295,180,1
2913,180,430,1
2914,430,180,1
2915,180,303,1
2916,303,180,1
2917,180,209,1
2918,209,180,1
2919,180,246,1
2920,246,180,1
2921,180,427,1
2922,427,180,1
2923,181,354,1
2924,354,181,1
2925,181,197,1
2926,197,181,1
2927,181,199,1
2928,199,181,1
2929,181,398,1
2930,398,181,1
2931,181,210,1
2932,210,181,1
2933,181,406,1
2934,406,181,1
2935,181,494,1
2936,494,181,1
2937,181,223,1
2938,223,181,1
2939,182,472,1
2940,472,182,1
2941,182,269,1
2942,269,182,1
2943,183,419,1
2944,419,183,1
2945,184,193,1
2946,193,184,1
2947,184,439,1
2948,439,184,1
2949,184,217,1
2950,217,184,1
2951,184,477,1
2952,477,184,1
2953,185,290,1
2954,290,185,1
2955,185,198,1
2956,198,185,1
2957,185,459,1
2958,459,185,1
2959,186,481,1
2960,481,186,1
2961,186,461,1
2962,461,186,1
2963,186,204,1
2964,204,186,1
2965,186,240,1
2966,240,186,1
2967,186,407,1
2968,407,186,1
2969,186,476,1
2970,476,186,1
2971,186,381,1
2972,381,186,1
2973,187,355,1
2974,355,187,1
2975,187,484,1
2976,484,187,1
2977,187,301,1
2978,301,187,1
2979,187,211,1
2980,211,187,1
2981,187,500,1
2982,500,187,1
2983,187,213,1
2984,213,187,1
2985,187,412,1
2986,412,187,1
2987,188,258,1
2988,258,188,1
2989,188,293,1
2990,293,188,1
2991,188,445,1
2992,445,188,1
2993,188,371,1
2994,371,188,1
2995,188,303,1
2996,303,188,1
2997,188,430,1
2998,430,188,1
2999,188,317,1
3000,317,188,1
3001,188,416,1
3002,416,188,1
3003,189,374,1
3004,374,189,1
3005,189,298,1
3006,298,189,1
3007,189,401,1
3008,401,189,1
3009,189,191,1
3010,191,189,1
3011,190,332,1
3012,332,190,1
3013,190,365,1
3014,365,190,1
3015,190,438,1
3016,438,190,1
3017,190,283,1
3018,283,190,1
3019,191,427,1
3020,427,191,1
3021,191,368,1
3022,368,191,1
3023,191,260,1
3024,260,191,1
3025,191,443,1
3026,443,191,1
3027,192,301,1
3028,301,192,1
3029,193,258,1
3030,258,193,1
3031,193,456,1
3032,456,193,1
3033,193,489,1
3034,489,193,1
3035,193,422,1
3036,422,193,1
3037,193,208,1
3038,208,193,1
3039,193,224,1
3040,224,193,1
3041,194,269,1
3042,269,194,1
3043,194,365,1
3044,365,194,1
3045,194,339,1
3046,339,194,1
3047,194,215,1
3048,215,194,1
3049,195,290,1
3050,290,195,1
3051,195,231,1
3052,231,195,1
3053,195,328,1
3054,328,195,1
3055,195,427,1
3056,427,195,1
3057,195,227,1
3058,227,195,1
3059,195,210,1
3060,210,195,1
3061,195,435,1
3062,435,195,1
3063,195,340,1
3064,340,195,1
3065,195,441,1
3066,441,195,1
3067,195,379,1
3068,379,195,1
3069,195,262,1
3070,262,195,1
3071,196,451,1
3072,451,196,1
3073,196,325,1
3074,325,196,1
3075,196,203,1
3076,203,196,1
3077,196,397,1
3078,397,196,1
3079,196,400,1
3080,400,196,1
3081,196,229,1
3082,229,196,1
3083,196,219,1
3084,219,196,1
3085,197,359,1
3086,359,197,1
3087,197,264,1
3088,264,197,1
3089,197,362,1
3090,362,197,1
3091,197,397,1
3092,397,197,1
3093,197,334,1
3094,334,197,1
3095,197,496,1
3096,496,197,1
3097,198,396,1
3098,396,198,1
3099,198,205,1
3100,205,198,1
3101,198,319,1
3102,319,198,1
3103,198,407,1
3104,407,198,1
3105,198,410,1
3106,410,198,1
3107,198,213,1
3108,213,198,1
3109,198,320,1
3110,320,198,1
3111,199,375,1
3112,375,199,1
3113,199,407,1
3114,407,199,1
3115,199,468,1
3116,468,199,1
3117,199,308,1
3118,308,199,1
3119,199,207,1
3120,207,199,1
3121,199,499,1
3122,499,199,1
3123,199,212,1
3124,212,199,1
3125,199,463,1
3126,463,199,1
3127,199,350,1
3128,350,199,1
3129,199,382,1
3130,382,199,1
3131,200,417,1
3132,417,200,1
3133,200,357,1
3134,357,200,1
3135,200,269,1
3136,269,200,1
3137,200,274,1
3138,274,200,1
3139,200,374,1
3140,374,200,1
3141,201,452,1
3142,452,201,1
3143,201,450,1
3144,450,201,1
3145,201,331,1
3146,331,201,1
3147,201,387,1
3148,387,201,1
3149,201,369,1
3150,369,201,1
3151,201,306,1
3152,306,201,1
3153,201,371,1
3154,371,201,1
3155,202,358,1
3156,358,202,1
3157,202,493,1
3158,493,202,1
3159,202,431,1
3160,431,202,1
3161,202,338,1
3162,338,202,1
3163,202,318,1
3164,318,202,1
3165,203,387,1
3166,387,203,1
3167,203,261,1
3168,261,203,1
3169,203,490,1
3170,490,203,1
3171,203,430,1
3172,430,203,1
3173,203,218,1
3174,218,203,1
3175,203,317,1
3176,317,203,1
3177,204,295,1
3178,295,204,1
3179,204,427,1
3180,427,204,1
3181,204,234,1
3182,234,204,1
3183,205,396,1
3184,396,205,1
3185,205,357,1
3186,357,205,1
3187,205,394,1
3188,394,205,1
3189,205,440,1
3190,440,205,1
3191,205,281,1
3192,281,205,1
3193,205,256,1
3194,256,205,1
3195,206,385,1
3196,385,206,1
3197,206,234,1
3198,234,206,1
3199,206,445,1
3200,445,206,1
3201,206,285,1
3202,285,206,1
3203,206,287,1
3204,287,206,1
3205,207,225,1
3206,225,207,1
3207,207,296,1
3208,296,207,1
3209,207,413,1
3210,413,207,1
3211,208,499,1
3212,499,208,1
3213,208,431,1
3214,431,208,1
3215,208,320,1
3216,320,208,1
3217,209,357,1
3218,357,209,1
3219,209,244,1
3220,244,209,1
3221,209,457,1
3222,457,209,1
3223,209,493,1
3224,493,209,1
3225,209,399,1
3226,399,209,1
3227,209,430,1
3228,430,209,1
3229,209,288,1
3230,288,209,1
3231,209,310,1
3232,310,209,1
3233,209,256,1
3234,256,209,1
3235,209,285,1
3236,285,209,1
3237,210,321,1
3238,321,210,1
3239,210,473,1
3240,473,210,1
3241,210,391,1
3242,391,210,1
3243,210,236,1
3244,236,210,1
3245,210,286,1
3246,286,210,1
3247,210,305,1
3248,305,210,1
3249,210,274,1
3250,274,210,1
3251,210,275,1
3252,275,210,1
3253,210,237,1
3254,237,210,1
3255,210,247,1
3256,247,210,1
3257,210,217,1
3258,217,210,1
3259,210,483,1
3260,483,210,1
3261,210,222,1
3262,222,210,1
3263,211,450,1
3264,450,211,1
3265,211,387,1
3266,387,211,1
3267,211,452,1
3268,452,211,1
3269,211,330,1
3270,330,211,1
3271,211,242,1
3272,242,211,1
3273,211,444,1
3274,444,211,1
3275,211,480,1
3276,480,211,1
3277,212,482,1
3278,482,212,1
3279,212,228,1
3280,228,212,1
3281,212,425,1
3282,425,212,1
3283,212,242,1
3284,242,212,1
3285,212,474,1
3286,474,212,1
3287,212,479,1
3288,479,212,1
3289,213,410,1
3290,410,213,1
3291,214,230,1
3292,230,214,1
3293,214,299,1
3294,299,214,1
3295,214,334,1
3296,334,214,1
3297,214,249,1
3298,249,214,1
3299,214,288,1
3300,288,214,1
3301,215,455,1
3302,455,215,1
3303,215,405,1
3304,405,215,1
3305,215,374,1
3306,374,215,1
3307,215,476,1
3308,476,215,1
3309,216,353,1
3310,353,216,1
3311,216,475,1
3312,475,216,1
3313,216,259,1
3314,259,216,1
3315,216,358,1
3316,358,216,1
3317,216,303,1
3318,303,216,1
3319,216,432,1
3320,432,216,1
3321,216,240,1
3322,240,216,1
3323,216,219,1
3324,219,216,1
3325,216,320,1
3326,320,216,1
3327,217,321,1
3328,321,217,1
3329,217,428,1
3330,428,217,1
3331,217,229,1
3332,229,217,1
3333,217,422,1
3334,422,217,1
3335,217,455,1
3336,455,217,1
3337,217,242,1
3338,242,217,1
3339,217,401,1
3340,401,217,1
3341,217,410,1
3342,410,217,1
3343,218,328,1
3344,328,218,1
3345,218,297,1
3346,297,218,1
3347,218,488,1
3348,488,218,1
3349,218,361,1
3350,361,218,1
3351,218,249,1
3352,249,218,1
3353,218,480,1
3354,480,218,1
3355,218,331,1
3356,331,218,1
3357,218,318,1
3358,318,218,1
3359,219,227,1
3360,227,219,1
3361,219,495,1
3362,495,219,1
3363,219,433,1
3364,433,219,1
3365,219,499,1
3366,499,219,1
3367,219,245,1
3368,245,219,1
3369,219,350,1
3370,350,219,1
3371,220,322,1
3372,322,220,1
3373,220,299,1
3374,299,220,1
3375,220,386,1
3376,386,220,1
3377,220,466,1
3378,466,220,1
3379,220,468,1
3380,468,220,1
3381,220,382,1
3382,382,220,1
3383,221,476,1
3384,476,221,1
3385,221,362,1
3386,362,221,1
3387,221,462,1
3388,462,221,1
3389,221,338,1
3390,338,221,1
3391,221,444,1
3392,444,221,1
3393,221,382,1
3394,382,221,1
3395,222,225,1
3396,225,222,1
3397,222,388,1
3398,388,222,1
3399,222,426,1
3400,426,222,1
3401,222,399,1
3402,399,222,1
3403,222,464,1
3404,464,222,1
3405,222,472,1
3406,472,222,1
3407,222,444,1
3408,444,222,1
3409,223,421,1
3410,421,223,1
3411,223,231,1
3412,231,223,1
3413,223,296,1
3414,296,223,1
3415,223,236,1
3416,236,223,1
3417,223,462,1
3418,462,223,1
3419,223,339,1
3420,339,223,1
3421,224,419,1
3422,419,224,1
3423,224,325,1
3424,325,224,1
3425,224,429,1
3426,429,224,1
3427,224,338,1
3428,338,224,1
3429,224,308,1
3430,308,224,1
3431,224,283,1
3432,283,224,1
3433,224,254,1
3434,254,224,1
3435,225,419,1
3436,419,225,1
3437,225,388,1
3438,388,225,1
3439,225,445,1
3440,445,225,1
3441,225,301,1
3442,301,225,1
3443,225,444,1
3444,444,225,1
3445,225,244,1
3446,244,225,1
3447,225,437,1
3448,437,225,1
3449,225,314,1
3450,314,225,1
3451,225,412,1
3452,412,225,1
3453,225,285,1
3454,285,225,1
3455,226,227,1
3456,227,226,1
3457,226,307,1
3458,307,226,1
3459,226,308,1
3460,308,226,1
3461,226,317,1
3462,317,226,1
3463,227,397,1
3464,397,227,1
3465,227,261,1
3466,261,227,1
3467,227,373,1
3468,373,227,1
3469,227,430,1
3470,430,227,1
3471,227,277,1
3472,277,227,1
3473,227,439,1
3474,439,227,1
3475,227,357,1
3476,357,227,1
3477,228,460,1
3478,460,228,1
3479,228,307,1
3480,307,228,1
3481,228,470,1
3482,470,228,1
3483,228,496,1
3484,496,228,1
3485,228,351,1
3486,351,228,1
3487,229,397,1
3488,397,229,1
3489,229,382,1
3490,382,229,1
3491,230,385,1
3492,385,230,1
3493,230,478,1
3494,478,230,1
3495,230,391,1
3496,391,230,1
3497,230,350,1
3498,350,230,1
3499,230,337,1
3500,337,230,1
3501,230,474,1
3502,474,230,1
3503,230,283,1
3504,283,230,1
3505,231,488,1
3506,488,231,1
3507,231,492,1
3508,492,231,1
3509,231,495,1
3510,495,231,1
3511,231,409,1
3512,409,231,1
3513,231,479,1
3514,479,231,1
3515,231,281,1
3516,281,231,1
3517,231,283,1
3518,283,231,1
3519,231,299,1
3520,299,231,1
3521,231,267,1
3522,267,231,1
3523,232,390,1
3524,390,232,1
3525,232,233,1
3526,233,232,1
3527,232,363,1
3528,363,232,1
3529,232,486,1
3530,486,232,1
3531,232,303,1
3532,303,232,1
3533,232,280,1
3534,280,232,1
3535,232,445,1
3536,445,232,1
3537,232,294,1
3538,294,232,1
3539,233,272,1
3540,272,233,1
3541,233,369,1
3542,369,233,1
3543,233,498,1
3544,498,233,1
3545,233,372,1
3546,372,233,1
3547,233,443,1
3548,443,233,1
3549,234,483,1
3550,483,234,1
3551,234,360,1
3552,360,234,1
3553,234,361,1
3554,361,234,1
3555,234,367,1
3556,367,234,1
3557,234,497,1
3558,497,234,1
3559,234,341,1
3560,341,234,1
3561,234,316,1
3562,316,234,1
3563,234,443,1
3564,443,234,1
3565,235,370,1
3566,370,235,1
3567,235,246,1
3568,246,235,1
3569,235,344,1
3570,344,235,1
3571,235,351,1
3572,351,235,1
3573,235,480,1
3574,480,235,1
3575,236,332,1
3576,332,236,1
3577,236,494,1
3578,494,236,1
3579,236,286,1
3580,286,236,1
3581,237,262,1
3582,262,237,1
3583,237,375,1
3584,375,237,1
3585,237,380,1
3586,380,237,1
3587,239,413,1
3588,413,239,1
3589,239,300,1
3590,300,239,1
3591,239,349,1
3592,349,239,1
3593,239,479,1
3594,479,239,1
3595,240,475,1
3596,475,240,1
3597,240,354,1
3598,354,240,1
3599,240,301,1
3600,301,240,1
3601,240,432,1
3602,432,240,1
3603,240,338,1
3604,338,240,1
3605,240,495,1
3606,495,240,1
3607,240,443,1
3608,443,240,1
3609,240,286,1
3610,286,240,1
3611,241,450,1
3612,450,241,1
3613,241,263,1
3614,263,241,1
3615,241,270,1
3616,270,241,1
3617,241,380,1
3618,380,241,1
3619,242,425,1
3620,425,242,1
3621,242,379,1
3622,379,242,1
3623,242,316,1
3624,316,242,1
3625,243,291,1
3626,291,243,1
3627,243,356,1
3628,356,243,1
3629,243,424,1
3630,424,243,1
3631,243,270,1
3632,270,243,1
3633,243,374,1
3634,374,243,1
3635,244,311,1
3636,311,244,1
3637,244,265,1
3638,265,244,1
3639,244,417,1
3640,417,244,1
3641,244,425,1
3642,425,244,1
3643,245,326,1
3644,326,245,1
3645,245,461,1
3646,461,245,1
3647,245,314,1
3648,314,245,1
3649,245,286,1
3650,286,245,1
3651,245,384,1
3652,384,245,1
3653,246,293,1
3654,293,246,1
3655,246,263,1
3656,263,246,1
3657,246,328,1
3658,328,246,1
3659,246,396,1
3660,396,246,1
3661,246,339,1
3662,339,246,1
3663,246,470,1
3664,470,246,1
3665,246,313,1
3666,313,246,1
3667,246,442,1
3668,442,246,1
3669,246,350,1
3670,350,246,1
3671,247,363,1
3672,363,247,1
3673,247,468,1
3674,468,247,1
3675,247,250,1
3676,250,247,1
3677,247,381,1
3678,381,247,1
3679,247,478,1
3680,478,247,1
3681,248,419,1
3682,419,248,1
3683,248,265,1
3684,265,248,1
3685,248,407,1
3686,407,248,1
3687,248,477,1
3688,477,248,1
3689,248,411,1
3690,411,248,1
3691,248,384,1
3692,384,248,1
3693,249,421,1
3694,421,249,1
3695,249,307,1
3696,307,249,1
3697,250,326,1
3698,326,250,1
3699,250,439,1
3700,439,250,1
3701,250,313,1
3702,313,250,1
3703,250,375,1
3704,375,250,1
3705,250,444,1
3706,444,250,1
3707,251,409,1
3708,409,251,1
3709,251,427,1
3710,427,251,1
3711,251,260,1
3712,260,251,1
3713,251,301,1
3714,301,251,1
3715,252,305,1
3716,305,252,1
3717,252,493,1
3718,493,252,1
3719,252,391,1
3720,391,252,1
3721,253,379,1
3722,379,253,1
3723,254,419,1
3724,419,254,1
3725,254,325,1
3726,325,254,1
3727,254,359,1
3728,359,254,1
3729,254,296,1
3730,296,254,1
3731,255,472,1
3732,472,255,1
3733,255,397,1
3734,397,255,1
3735,255,307,1
3736,307,255,1
3737,255,440,1
3738,440,255,1
3739,256,423,1
3740,423,256,1
3741,256,489,1
3742,489,256,1
3743,256,268,1
3744,268,256,1
3745,256,499,1
3746,499,256,1
3747,256,399,1
3748,399,256,1
3749,256,339,1
3750,339,256,1
3751,257,418,1
3752,418,257,1
3753,257,294,1
3754,294,257,1
3755,257,322,1
3756,322,257,1
3757,257,460,1
3758,460,257,1
3759,257,459,1
3760,459,257,1
3761,257,479,1
3762,479,257,1
3763,258,324,1
3764,324,258,1
3765,258,364,1
3766,364,258,1
3767,258,400,1
3768,400,258,1
3769,258,376,1
3770,376,258,1
3771,259,307,1
3772,307,259,1
3773,259,308,1
3774,308,259,1
3775,259,267,1
3776,267,259,1
3777,260,321,1
3778,321,260,1
3779,260,327,1
3780,327,260,1
3781,260,301,1
3782,301,260,1
3783,260,375,1
3784,375,260,1
3785,260,315,1
3786,315,260,1
3787,261,452,1
3788,452,261,1
3789,261,389,1
3790,389,261,1
3791,261,360,1
3792,360,261,1
3793,261,364,1
3794,364,261,1
3795,261,431,1
3796,431,261,1
3797,261,366,1
3798,366,261,1
3799,261,284,1
3800,284,261,1
3801,261,395,1
3802,395,261,1
3803,261,390,1
3804,390,261,1
3805,262,396,1
3806,396,262,1
3807,262,391,1
3808,391,262,1
3809,262,489,1
3810,489,262,1
3811,262,273,1
3812,273,262,1
3813,262,437,1
3814,437,262,1
3815,262,378,1
3816,378,262,1
3817,263,424,1
3818,424,263,1
3819,263,362,1
3820,362,263,1
3821,263,273,1
3822,273,263,1
3823,263,337,1
3824,337,263,1
3825,263,431,1
3826,431,263,1
3827,263,391,1
3828,391,263,1
3829,264,355,1
3830,355,264,1
3831,264,467,1
3832,467,264,1
3833,264,347,1
3834,347,264,1
3835,264,476,1
3836,476,264,1
3837,264,395,1
3838,395,264,1
3839,265,354,1
3840,354,265,1
3841,265,360,1
3842,360,265,1
3843,265,490,1
3844,490,265,1
3845,265,302,1
3846,302,265,1
3847,266,460,1
3848,460,266,1
3849,266,278,1
3850,278,266,1
3851,266,407,1
3852,407,266,1
3853,266,438,1
3854,438,266,1
3855,267,371,1
3856,371,267,1
3857,267,269,1
3858,269,267,1
3859,267,347,1
3860,347,267,1
3861,267,284,1
3862,284,267,1
3863,267,383,1
3864,383,267,1
3865,268,442,1
3866,442,268,1
3867,268,422,1
3868,422,268,1
3869,268,359,1
3870,359,268,1
3871,268,269,1
3872,269,268,1
3873,268,335,1
3874,335,268,1
3875,268,280,1
3876,280,268,1
3877,268,281,1
3878,281,268,1
3879,268,410,1
3880,410,268,1
3881,269,406,1
3882,406,269,1
3883,269,422,1
3884,422,269,1
3885,269,439,1
3886,439,269,1
3887,269,310,1
3888,310,269,1
3889,270,386,1
3890,386,270,1
3891,270,454,1
3892,454,270,1
3893,270,492,1
3894,492,270,1
3895,270,493,1
3896,493,270,1
3897,270,340,1
3898,340,270,1
3899,270,440,1
3900,440,270,1
3901,271,372,1
3902,372,271,1
3903,271,349,1
3904,349,271,1
3905,271,446,1
3906,446,271,1
3907,272,355,1
3908,355,272,1
3909,272,356,1
3910,356,272,1
3911,272,357,1
3912,357,272,1
3913,272,332,1
3914,332,272,1
3915,272,361,1
3916,361,272,1
3917,272,437,1
3918,437,272,1
3919,273,292,1
3920,292,273,1
3921,273,274,1
3922,274,273,1
3923,273,371,1
3924,371,273,1
3925,273,340,1
3926,340,273,1
3927,273,411,1
3928,411,273,1
3929,274,330,1
3930,330,274,1
3931,274,333,1
3932,333,274,1
3933,274,284,1
3934,284,274,1
3935,275,434,1
3936,434,275,1
3937,275,361,1
3938,361,275,1
3939,275,364,1
3940,364,275,1
3941,275,397,1
3942,397,275,1
3943,275,494,1
3944,494,275,1
3945,275,335,1
3946,335,275,1
3947,275,378,1
3948,378,275,1
3949,275,390,1
3950,390,275,1
3951,276,354,1
3952,354,276,1
3953,276,389,1
3954,389,276,1
3955,276,434,1
3956,434,276,1
3957,276,457,1
3958,457,276,1
3959,276,339,1
3960,339,276,1
3961,276,374,1
3962,374,276,1
3963,277,301,1
3964,301,277,1
3965,277,318,1
3966,318,277,1
3967,277,499,1
3968,499,277,1
3969,277,471,1
3970,471,277,1
3971,277,446,1
3972,446,277,1
3973,277,410,1
3974,410,277,1
3975,277,383,1
3976,383,277,1
3977,278,355,1
3978,355,278,1
3979,278,428,1
3980,428,278,1
3981,278,451,1
3982,451,278,1
3983,278,437,1
3984,437,278,1
3985,278,471,1
3986,471,278,1
3987,278,480,1
3988,480,278,1
3989,279,429,1
3990,429,279,1
3991,279,366,1
3992,366,279,1
3993,279,371,1
3994,371,279,1
3995,279,474,1
3996,474,279,1
3997,279,445,1
3998,445,279,1
3999,280,300,1
4000,300,280,1
4001,280,346,1
4002,346,280,1
4003,280,318,1
4004,318,280,1
4005,281,452,1
4006,452,281,1
4007,281,357,1
4008,357,281,1
4009,281,290,1
4010,290,281,1
4011,281,398,1
4012,398,281,1
4013,281,495,1
4014,495,281,1
4015,281,333,1
4016,333,281,1
4017,281,411,1
4018,411,281,1
4019,281,316,1
4020,316,281,1
4021,281,404,1
4022,404,281,1
4023,282,438,1
4024,438,282,1
4025,283,456,1
4026,456,283,1
4027,283,401,1
4028,401,283,1
4029,283,371,1
4030,371,283,1
4031,284,469,1
4032,469,284,1
4033,284,286,1
4034,286,284,1
4035,285,324,1
4036,324,285,1
4037,285,431,1
4038,431,285,1
4039,285,405,1
4040,405,285,1
4041,285,345,1
4042,345,285,1
4043,285,294,1
4044,294,285,1
4045,285,480,1
4046,480,285,1
4047,285,443,1
4048,443,285,1
4049,286,423,1
4050,423,286,1
4051,286,407,1
4052,407,286,1
4053,286,298,1
4054,298,286,1
4055,286,342,1
4056,342,286,1
4057,287,468,1
4058,468,287,1
4059,287,377,1
4060,377,287,1
4061,288,482,1
4062,482,288,1
4063,288,296,1
4064,296,288,1
4065,288,490,1
4066,490,288,1
4067,288,303,1
4068,303,288,1
4069,288,380,1
4070,380,288,1
4071,288,414,1
4072,414,288,1
4073,289,405,1
4074,405,289,1
4075,289,499,1
4076,499,289,1
4077,289,388,1
4078,388,289,1
4079,289,384,1
4080,384,289,1
4081,290,299,1
4082,299,290,1
4083,290,401,1
4084,401,290,1
4085,291,497,1
4086,497,291,1
4087,291,355,1
4088,355,291,1
4089,291,427,1
4090,427,291,1
4091,291,371,1
4092,371,291,1
4093,291,495,1
4094,495,291,1
4095,291,368,1
4096,368,291,1
4097,291,414,1
4098,414,291,1
4099,292,360,1
4100,360,292,1
4101,292,297,1
4102,297,292,1
4103,292,456,1
4104,456,292,1
4105,292,469,1
4106,469,292,1
4107,292,349,1
4108,349,292,1
4109,293,388,1
4110,388,293,1
4111,293,424,1
4112,424,293,1
4113,293,382,1
4114,382,293,1
4115,293,319,1
4116,319,293,1
4117,293,352,1
4118,352,293,1
4119,294,458,1
4120,458,294,1
4121,294,360,1
4122,360,294,1
4123,294,433,1
4124,433,294,1
4125,294,469,1
4126,469,294,1
4127,295,297,1
4128,297,295,1
4129,295,463,1
4130,463,295,1
4131,295,432,1
4132,432,295,1
4133,295,438,1
4134,438,295,1
4135,295,345,1
4136,345,295,1
4137,295,300,1
4138,300,295,1
4139,295,443,1
4140,443,295,1
4141,296,297,1
4142,297,296,1
4143,296,360,1
4144,360,296,1
4145,296,463,1
4146,463,296,1
4147,297,450,1
4148,450,297,1
4149,297,419,1
4150,419,297,1
4151,297,331,1
4152,331,297,1
4153,297,350,1
4154,350,297,1
4155,298,356,1
4156,356,298,1
4157,298,367,1
4158,367,298,1
4159,298,431,1
4160,431,298,1
4161,298,375,1
4162,375,298,1
4163,298,415,1
4164,415,298,1
4165,299,336,1
4166,336,299,1
4167,299,311,1
4168,311,299,1
4169,300,386,1
4170,386,300,1
4171,300,419,1
4172,419,300,1
4173,300,324,1
4174,324,300,1
4175,300,395,1
4176,395,300,1
4177,300,405,1
4178,405,300,1
4179,300,445,1
4180,445,300,1
4181,301,487,1
4182,487,301,1
4183,301,438,1
4184,438,301,1
4185,301,428,1
4186,428,301,1
4187,301,367,1
4188,367,301,1
4189,301,310,1
4190,310,301,1
4191,301,496,1
4192,496,301,1
4193,301,432,1
4194,432,301,1
4195,302,452,1
4196,452,302,1
4197,302,303,1
4198,303,302,1
4199,302,388,1
4200,388,302,1
4201,302,367,1
4202,367,302,1
4203,302,347,1
4204,347,302,1
4205,302,348,1
4206,348,302,1
4207,303,337,1
4208,337,303,1
4209,303,459,1
4210,459,303,1
4211,303,470,1
4212,470,303,1
4213,303,311,1
4214,311,303,1
4215,304,357,1
4216,357,304,1
4217,304,407,1
4218,407,304,1
4219,304,434,1
4220,434,304,1
4221,304,341,1
4222,341,304,1
4223,304,367,1
4224,367,304,1
4225,304,443,1
4226,443,304,1
4227,304,446,1
4228,446,304,1
4229,305,456,1
4230,456,305,1
4231,305,340,1
4232,340,305,1
4233,305,308,1
4234,308,305,1
4235,305,312,1
4236,312,305,1
4237,305,473,1
4238,473,305,1
4239,305,317,1
4240,317,305,1
4241,306,367,1
4242,367,306,1
4243,306,343,1
4244,343,306,1
4245,307,392,1
4246,392,307,1
4247,308,478,1
4248,478,308,1
4249,309,323,1
4250,323,309,1
4251,309,356,1
4252,356,309,1
4253,309,466,1
4254,466,309,1
4255,309,460,1
4256,460,309,1
4257,309,315,1
4258,315,309,1
4259,309,316,1
4260,316,309,1
4261,311,358,1
4262,358,311,1
4263,311,423,1
4264,423,311,1
4265,311,431,1
4266,431,311,1
4267,311,314,1
4268,314,311,1
4269,312,473,1
4270,473,312,1
4271,312,347,1
4272,347,312,1
4273,313,460,1
4274,460,313,1
4275,313,423,1
4276,423,313,1
4277,313,364,1
4278,364,313,1
4279,313,397,1
4280,397,313,1
4281,313,407,1
4282,407,313,1
4283,313,411,1
4284,411,313,1
4285,313,317,1
4286,317,313,1
4287,314,494,1
4288,494,314,1
4289,314,431,1
4290,431,314,1
4291,314,465,1
4292,465,314,1
4293,315,457,1
4294,457,315,1
4295,315,362,1
4296,362,315,1
4297,315,402,1
4298,402,315,1
4299,316,473,1
4300,473,316,1
4301,316,340,1
4302,340,316,1
4303,316,320,1
4304,320,316,1
4305,317,387,1
4306,387,317,1
4307,317,491,1
4308,491,317,1
4309,317,377,1
4310,377,317,1
4311,318,474,1
4312,474,318,1
4313,318,408,1
4314,408,318,1
4315,318,390,1
4316,390,318,1
4317,318,329,1
4318,329,318,1
4319,318,452,1
4320,452,318,1
4321,318,342,1
4322,342,318,1
4323,318,350,1
4324,350,318,1
4325,318,383,1
4326,383,318,1
4327,318,384,1
4328,384,318,1
4329,319,391,1
4330,391,319,1
4331,319,465,1
4332,465,319,1
4333,319,470,1
4334,470,319,1
4335,319,347,1
4336,347,319,1
4337,320,454,1
4338,454,320,1
4339,320,498,1
4340,498,320,1
4341,320,415,1
4342,415,320,1
4343,321,439,1
4344,439,321,1
4345,321,328,1
4346,328,321,1
4347,321,332,1
4348,332,321,1
4349,321,354,1
4350,354,321,1
4351,321,378,1
4352,378,321,1
4353,322,420,1
4354,420,322,1
4355,322,402,1
4356,402,322,1
4357,323,348,1
4358,348,323,1
4359,323,479,1
4360,479,323,1
4361,324,460,1
4362,460,324,1
4363,324,427,1
4364,427,324,1
4365,324,399,1
4366,399,324,1
4367,325,385,1
4368,385,325,1
4369,325,386,1
4370,386,325,1
4371,325,358,1
4372,358,325,1
4373,325,457,1
4374,457,325,1
4375,325,487,1
4376,487,325,1
4377,325,466,1
4378,466,325,1
4379,325,417,1
4380,417,325,1
4381,325,469,1
4382,469,325,1
4383,326,366,1
4384,366,326,1
4385,326,371,1
4386,371,326,1
4387,328,388,1
4388,388,328,1
4389,328,390,1
4390,390,328,1
4391,328,457,1
4392,457,328,1
4393,328,366,1
4394,366,328,1
4395,328,495,1
4396,495,328,1
4397,328,496,1
4398,496,328,1
4399,328,436,1
4400,436,328,1
4401,328,448,1
4402,448,328,1
4403,328,331,1
4404,331,328,1
4405,329,424,1
4406,424,329,1
4407,329,335,1
4408,335,329,1
4409,329,443,1
4410,443,329,1
4411,330,395,1
4412,395,330,1
4413,330,429,1
4414,429,330,1
4415,330,462,1
4416,462,330,1
4417,330,377,1
4418,377,330,1
4419,330,413,1
4420,413,330,1
4421,331,396,1
4422,396,331,1
4423,331,376,1
4424,376,331,1
4425,332,395,1
4426,395,332,1
4427,332,365,1
4428,365,332,1
4429,332,436,1
4430,436,332,1
4431,332,405,1
4432,405,332,1
4433,333,420,1
4434,420,333,1
4435,333,362,1
4436,362,333,1
4437,333,370,1
4438,370,333,1
4439,333,433,1
4440,433,333,1
4441,333,476,1
4442,476,333,1
4443,334,386,1
4444,386,334,1
4445,334,418,1
4446,418,334,1
4447,334,404,1
4448,404,334,1
4449,334,340,1
4450,340,334,1
4451,335,360,1
4452,360,335,1
4453,335,405,1
4454,405,335,1
4455,335,344,1
4456,344,335,1
4457,336,449,1
4458,449,336,1
4459,336,361,1
4460,361,336,1
4461,336,433,1
4462,433,336,1
4463,336,402,1
4464,402,336,1
4465,336,438,1
4466,438,336,1
4467,336,459,1
4468,459,336,1
4469,337,382,1
4470,382,337,1
4471,338,366,1
4472,366,338,1
4473,339,355,1
4474,355,339,1
4475,339,426,1
4476,426,339,1
4477,339,363,1
4478,363,339,1
4479,339,496,1
4480,496,339,1
4481,339,433,1
4482,433,339,1
4483,339,408,1
4484,408,339,1
4485,340,422,1
4486,422,340,1
4487,340,386,1
4488,386,340,1
4489,340,466,1
4490,466,340,1
4491,340,409,1
4492,409,340,1
4493,341,360,1
4494,360,341,1
4495,341,429,1
4496,429,341,1
4497,341,434,1
4498,434,341,1
4499,342,452,1
4500,452,342,1
4501,342,404,1
4502,404,342,1
4503,342,406,1
4504,406,342,1
4505,343,486,1
4506,486,343,1
4507,343,458,1
4508,458,343,1
4509,344,433,1
4510,433,344,1
4511,345,452,1
4512,452,345,1
4513,345,477,1
4514,477,345,1
4515,345,460,1
4516,460,345,1
4517,345,468,1
4518,468,345,1
4519,345,405,1
4520,405,345,1
4521,346,454,1
4522,454,346,1
4523,346,496,1
4524,496,346,1
4525,346,402,1
4526,402,346,1
4527,346,412,1
4528,412,346,1
4529,347,459,1
4530,459,347,1
4531,347,461,1
4532,461,347,1
4533,347,431,1
4534,431,347,1
4535,347,434,1
4536,434,347,1
4537,347,446,1
4538,446,347,1
4539,348,417,1
4540,417,348,1
4541,348,429,1
4542,429,348,1
4543,348,451,1
4544,451,348,1
4545,348,443,1
4546,443,348,1
4547,349,360,1
4548,360,349,1
4549,349,473,1
4550,473,349,1
4551,351,465,1
4552,465,351,1
4553,351,469,1
4554,469,351,1
4555,352,418,1
4556,418,352,1
4557,352,499,1
4558,499,352,1
4559,352,358,1
4560,358,352,1
4561,353,481,1
4562,481,353,1
4563,353,388,1
4564,388,353,1
4565,353,357,1
4566,357,353,1
4567,354,366,1
4568,366,354,1
4569,354,431,1
4570,431,354,1
4571,354,425,1
4572,425,354,1
4573,356,453,1
4574,453,356,1
4575,356,437,1
4576,437,356,1
4577,357,453,1
4578,453,357,1
4579,357,365,1
4580,365,357,1
4581,358,388,1
4582,388,358,1
4583,358,430,1
4584,430,358,1
4585,358,495,1
4586,495,358,1
4587,358,378,1
4588,378,358,1
4589,359,457,1
4590,457,359,1
4591,359,398,1
4592,398,359,1
4593,359,470,1
4594,470,359,1
4595,359,416,1
4596,416,359,1
4597,360,457,1
4598,457,360,1
4599,360,465,1
4600,465,360,1
4601,360,406,1
4602,406,360,1
4603,361,380,1
4604,380,361,1
4605,361,367,1
4606,367,361,1
4607,361,468,1
4608,468,361,1
4609,362,373,1
4610,373,362,1
4611,362,406,1
4612,406,362,1
4613,362,407,1
4614,407,362,1
4615,362,458,1
4616,458,362,1
4617,362,485,1
4618,485,362,1
4619,362,446,1
4620,446,362,1
4621,363,399,1
4622,399,363,1
4623,363,440,1
4624,440,363,1
4625,364,366,1
4626,366,364,1
4627,364,421,1
4628,421,364,1
4629,364,411,1
4630,411,364,1
4631,364,415,1
4632,415,364,1
4633,365,463,1
4634,463,365,1
4635,365,379,1
4636,379,365,1
4637,367,447,1
4638,447,367,1
4639,368,417,1
4640,417,368,1
4641,368,486,1
4642,486,368,1
4643,368,491,1
4644,491,368,1
4645,368,492,1
4646,492,368,1
4647,368,451,1
4648,451,368,1
4649,368,399,1
4650,399,368,1
4651,368,401,1
4652,401,368,1
4653,368,376,1
4654,376,368,1
4655,369,487,1
4656,487,369,1
4657,370,437,1
4658,437,370,1
4659,371,403,1
4660,403,371,1
4661,371,374,1
4662,374,371,1
4663,371,395,1
4664,395,371,1
4665,371,479,1
4666,479,371,1
4667,372,453,1
4668,453,372,1
4669,372,394,1
4670,394,372,1
4671,372,477,1
4672,477,372,1
4673,372,447,1
4674,447,372,1
4675,373,495,1
4676,495,373,1
4677,373,469,1
4678,469,373,1
4679,373,410,1
4680,410,373,1
4681,373,409,1
4682,409,373,1
4683,373,442,1
4684,442,373,1
4685,373,479,1
4686,479,373,1
4687,374,487,1
4688,487,374,1
4689,374,413,1
4690,413,374,1
4691,374,403,1
4692,403,374,1
4693,375,417,1
4694,417,375,1
4695,375,497,1
4696,497,375,1
4697,375,434,1
4698,434,375,1
4699,377,476,1
4700,476,377,1
4701,377,445,1
4702,445,377,1
4703,377,403,1
4704,403,377,1
4705,378,497,1
4706,497,378,1
4707,378,416,1
4708,416,378,1
4709,379,395,1
4710,395,379,1
4711,379,435,1
4712,435,379,1
4713,379,480,1
4714,480,379,1
4715,380,424,1
4716,424,380,1
4717,381,472,1
4718,472,381,1
4719,381,462,1
4720,462,381,1
4721,381,435,1
4722,435,381,1
4723,382,458,1
4724,458,382,1
4725,382,402,1
4726,402,382,1
4727,383,391,1
4728,391,383,1
4729,383,404,1
4730,404,383,1
4731,384,417,1
4732,417,384,1
4733,384,452,1
4734,452,384,1
4735,385,415,1
4736,415,385,1
4737,385,480,1
4738,480,385,1
4739,386,455,1
4740,455,386,1
4741,386,416,1
4742,416,386,1
4743,387,417,1
4744,417,387,1
4745,387,433,1
4746,433,387,1
4747,387,466,1
4748,466,387,1
4749,387,500,1
4750,500,387,1
4751,390,426,1
4752,426,390,1
4753,391,492,1
4754,492,391,1
4755,392,492,1
4756,492,392,1
4757,392,410,1
4758,410,392,1
4759,393,463,1
4760,463,393,1
4761,394,400,1
4762,400,394,1
4763,394,479,1
4764,479,394,1
4765,394,454,1
4766,454,394,1
4767,395,484,1
4768,484,395,1
4769,395,437,1
4770,437,395,1
4771,396,487,1
4772,487,396,1
4773,397,454,1
4774,454,397,1
4775,397,441,1
4776,441,397,1
4777,397,432,1
4778,432,397,1
4779,398,424,1
4780,424,398,1
4781,398,490,1
4782,490,398,1
4783,398,427,1
4784,427,398,1
4785,399,418,1
4786,418,399,1
4787,399,499,1
4788,499,399,1
4789,400,434,1
4790,434,400,1
4791,400,470,1
4792,470,400,1
4793,400,430,1
4794,430,400,1
4795,400,416,1
4796,416,400,1
4797,401,484,1
4798,484,401,1
4799,401,468,1
4800,468,401,1
4801,401,496,1
4802,496,401,1
4803,402,417,1
4804,417,402,1
4805,402,437,1
4806,437,402,1
4807,402,464,1
4808,464,402,1
4809,403,434,1
4810,434,403,1
4811,403,432,1
4812,432,403,1
4813,404,494,1
4814,494,404,1
4815,404,433,1
4816,433,404,1
4817,404,473,1
4818,473,404,1
4819,405,424,1
4820,424,405,1
4821,405,477,1
4822,477,405,1
4823,406,452,1
4824,452,406,1
4825,406,453,1
4826,453,406,1
4827,406,471,1
4828,471,406,1
4829,406,495,1
4830,495,406,1
4831,408,470,1
4832,470,408,1
4833,409,461,1
4834,461,409,1
4835,409,439,1
4836,439,409,1
4837,410,477,1
4838,477,410,1
4839,410,428,1
4840,428,410,1
4841,410,480,1
4842,480,410,1
4843,411,425,1
4844,425,411,1
4845,412,461,1
4846,461,412,1
4847,412,427,1
4848,427,412,1
4849,412,480,1
4850,480,412,1
4851,413,434,1
4852,434,413,1
4853,414,496,1
4854,496,414,1
4855,416,489,1
4856,489,416,1
4857,417,482,1
4858,482,417,1
4859,417,491,1
4860,491,417,1
4861,418,423,1
4862,423,418,1
4863,418,472,1
4864,472,418,1
4865,419,440,1
4866,440,419,1
4867,419,434,1
4868,434,419,1
4869,419,494,1
4870,494,419,1
4871,420,434,1
4872,434,420,1
4873,420,443,1
4874,443,420,1
4875,421,444,1
4876,444,421,1
4877,421,478,1
4878,478,421,1
4879,422,467,1
4880,467,422,1
4881,422,475,1
4882,475,422,1
4883,425,478,1
4884,478,425,1
4885,425,447,1
4886,447,425,1
4887,427,494,1
4888,494,427,1
4889,427,458,1
4890,458,427,1
4891,428,480,1
4892,480,428,1
4893,430,432,1
4894,432,430,1
4895,432,460,1
4896,460,432,1
4897,432,453,1
4898,453,432,1
4899,433,473,1
4900,473,433,1
4901,434,437,1
4902,437,434,1
4903,435,490,1
4904,490,435,1
4905,435,454,1
4906,454,435,1
4907,437,472,1
4908,472,437,1
4909,439,477,1
4910,477,439,1
4911,441,454,1
4912,454,441,1
4913,442,497,1
4914,497,442,1
4915,442,500,1
4916,500,442,1
4917,443,460,1
4918,460,443,1
4919,443,472,1
4920,472,443,1
4921,447,498,1
4922,498,447,1
4923,447,461,1
4924,461,447,1
4925,448,476,1
4926,476,448,1
4927,451,500,1
4928,500,451,1
4929,451,474,1
4930,474,451,1
4931,452,498,1
4932,498,452,1
4933,453,500,1
4934,500,453,1
4935,453,480,1
4936,480,453,1
4937,454,474,1
4938,474,454,1
4939,458,497,1
4940,497,458,1
4941,458,472,1
4942,472,458,1
4943,462,464,1
4944,464,462,1
4945,465,485,1
4946,485,465,1
4947,466,497,1
4948,497,466,1
4949,469,481,1
4950,481,469,1
4951,469,490,1
4952,490,469,1
4953,476,481,1
4954,481,476,1
4955,479,485,1
4956,485,479,1
4957,481,498,1
4958,498,481,1
4959,482,493,1
4960,493,482,1
4961,486,498,1
4962,498,486,1
4963,492,500,1
4964,500,492,1
