id,connection_strength,time_delay
1,0.5,1.32530620939
2,0.5,1.32530620939
3,0.5,1.47607209609
4,0.5,1.47607209609
5,0.5,1.28170419675
6,0.5,1.28170419675
7,0.5,1.28448194548
8,0.5,1.28448194548
9,0.5,1.27805342455
10,0.5,1.27805342455
11,0.5,1.42958858316
12,0.5,1.42958858316
13,0.5,1.53480962008
14,0.5,1.53480962008
15,0.5,1.34799512358
16,0.5,1.34799512358
17,0.5,1.31897909471
18,0.5,1.31897909471
19,0.5,1.56396806503
20,0.5,1.56396806503
21,0.5,1.24854686565
22,0.5,1.24854686565
23,0.5,1.28871942501
24,0.5,1.28871942501
25,0.5,1.3494590881
26,0.5,1.3494590881
27,0.5,1.37646592974
28,0.5,1.37646592974
29,0.5,1.2831013214
30,0.5,1.2831013214
31,0.5,1.44074624429
32,0.5,1.44074624429
33,0.5,1.53496316407
34,0.5,1.53496316407
35,0.5,1.27461903863
36,0.5,1.27461903863
37,0.5,1.49763958198
38,0.5,1.49763958198
39,0.5,1.41116644897
40,0.5,1.41116644897
41,0.5,1.51552537028
42,0.5,1.51552537028
43,0.5,1.3453065596
44,0.5,1.3453065596
45,0.5,1.51527203453
46,0.5,1.51527203453
47,0.5,1.39237983765
48,0.5,1.39237983765
49,0.5,1.42450607946
50,0.5,1.42450607946
51,0.5,1.30089735283
52,0.5,1.30089735283
53,0.5,1.64103042297
54,0.5,1.64103042297
55,0.5,1.56635559043
56,0.5,1.56635559043
57,0.5,1.40410253158
58,0.5,1.40410253158
59,0.5,1.52952139483
60,0.5,1.52952139483
61,0.5,1.47727491232
62,0.5,1.47727491232
63,0.5,1.28639218717
64,0.5,1.28639218717
65,0.5,1.31104866088
66,0.5,1.31104866088
67,0.5,1.42872132163
68,0.5,1.42872132163
69,0.5,1.33672473971
70,0.5,1.33672473971
71,0.5,1.34981321305
72,0.5,1.34981321305
73,0.5,1.37727892869
74,0.5,1.37727892869
75,0.5,1.36047063816
76,0.5,1.36047063816
77,0.5,1.29322502694
78,0.5,1.29322502694
79,0.5,1.29498908603
80,0.5,1.29498908603
81,0.5,1.51673217062
82,0.5,1.51673217062
83,0.5,1.32246654604
84,0.5,1.32246654604
85,0.5,1.53263516141
86,0.5,1.53263516141
87,0.5,1.33953946393
88,0.5,1.33953946393
89,0.5,1.22510583734
90,0.5,1.22510583734
91,0.5,1.27672684674
92,0.5,1.27672684674
93,0.5,1.54345002621
94,0.5,1.54345002621
95,0.5,1.48939853621
96,0.5,1.48939853621
97,0.5,1.26336251964
98,0.5,1.26336251964
99,0.5,1.24745328981
100,0.5,1.24745328981
101,0.5,1.51573811311
102,0.5,1.51573811311
103,0.5,1.45955901888
104,0.5,1.45955901888
105,0.5,1.36240424605
106,0.5,1.36240424605
107,0.5,1.50587219786
108,0.5,1.50587219786
109,0.5,1.29927761523
110,0.5,1.29927761523
111,0.5,1.55063638686
112,0.5,1.55063638686
113,0.5,1.5462221777
114,0.5,1.5462221777
115,0.5,1.30011499725
116,0.5,1.30011499725
117,0.5,1.27879891262
118,0.5,1.27879891262
119,0.5,1.40185146323
120,0.5,1.40185146323
121,0.5,1.55028495462
122,0.5,1.55028495462
123,0.5,1.26103841044
124,0.5,1.26103841044
125,0.5,1.45989416982
126,0.5,1.45989416982
127,0.5,1.25744431633
128,0.5,1.25744431633
129,0.5,1.31070458838
130,0.5,1.31070458838
131,0.5,1.44780610207
132,0.5,1.44780610207
133,0.5,1.6549771321
134,0.5,1.6549771321
135,0.5,1.35164016079
136,0.5,1.35164016079
137,0.5,1.36109986462
138,0.5,1.36109986462
139,0.5,1.49324603091
140,0.5,1.49324603091
141,0.5,1.60443914278
142,0.5,1.60443914278
143,0.5,1.26415119254
144,0.5,1.26415119254
145,0.5,1.40043088558
146,0.5,1.40043088558
147,0.5,1.29310601449
148,0.5,1.29310601449
149,0.5,1.3905312954
150,0.5,1.3905312954
151,0.5,1.28924492613
152,0.5,1.28924492613
153,0.5,1.23944167125
154,0.5,1.23944167125
155,0.5,1.28805743428
156,0.5,1.28805743428
157,0.5,1.41277945111
158,0.5,1.41277945111
159,0.5,1.29880841522
160,0.5,1.29880841522
161,0.5,1.33806765796
162,0.5,1.33806765796
163,0.5,1.49894138894
164,0.5,1.49894138894
165,0.5,1.39136516621
166,0.5,1.39136516621
167,0.5,1.55229096987
168,0.5,1.55229096987
169,0.5,1.2775115772
170,0.5,1.2775115772
171,0.5,1.30970760306
172,0.5,1.30970760306
173,0.5,1.45221914035
174,0.5,1.45221914035
175,0.5,1.33591046505
176,0.5,1.33591046505
177,0.5,1.42097951842
178,0.5,1.42097951842
179,0.5,1.33047673215
180,0.5,1.33047673215
181,0.5,1.21214161232
182,0.5,1.21214161232
183,0.5,1.47516181463
184,0.5,1.47516181463
185,0.5,1.48220137603
186,0.5,1.48220137603
187,0.5,1.45461522464
188,0.5,1.45461522464
189,0.5,1.38278212473
190,0.5,1.38278212473
191,0.5,1.50700055047
192,0.5,1.50700055047
193,0.5,1.30808246964
194,0.5,1.30808246964
195,0.5,1.47152022706
196,0.5,1.47152022706
197,0.5,1.66263767774
198,0.5,1.66263767774
199,0.5,1.45213807385
200,0.5,1.45213807385
201,0.5,1.28316844355
202,0.5,1.28316844355
203,0.5,1.43914340485
204,0.5,1.43914340485
205,0.5,1.56097367388
206,0.5,1.56097367388
207,0.5,1.61694748098
208,0.5,1.61694748098
209,0.5,1.37418786179
210,0.5,1.37418786179
211,0.5,1.59760188044
212,0.5,1.59760188044
213,0.5,1.46925069266
214,0.5,1.46925069266
215,0.5,1.37302661929
216,0.5,1.37302661929
217,0.5,1.33122717329
218,0.5,1.33122717329
219,0.5,1.48500467219
220,0.5,1.48500467219
221,0.5,1.37482614731
222,0.5,1.37482614731
223,0.5,1.32969340216
224,0.5,1.32969340216
225,0.5,1.4862191358
226,0.5,1.4862191358
227,0.5,1.27663658208
228,0.5,1.27663658208
229,0.5,1.39725456915
230,0.5,1.39725456915
231,0.5,1.45866089608
232,0.5,1.45866089608
233,0.5,1.74397381436
234,0.5,1.74397381436
235,0.5,1.31155706843
236,0.5,1.31155706843
237,0.5,1.22070931657
238,0.5,1.22070931657
239,0.5,1.26810343962
240,0.5,1.26810343962
241,0.5,1.44154384564
242,0.5,1.44154384564
243,0.5,1.22449225753
244,0.5,1.22449225753
245,0.5,1.46442539514
246,0.5,1.46442539514
247,0.5,1.28304685656
248,0.5,1.28304685656
249,0.5,1.40708542453
250,0.5,1.40708542453
251,0.5,1.33503111537
252,0.5,1.33503111537
253,0.5,1.23553922812
254,0.5,1.23553922812
255,0.5,1.50701731959
256,0.5,1.50701731959
257,0.5,1.62033094007
258,0.5,1.62033094007
259,0.5,1.626406263
260,0.5,1.626406263
261,0.5,1.28642917767
262,0.5,1.28642917767
263,0.5,1.42040389775
264,0.5,1.42040389775
265,0.5,1.22361187424
266,0.5,1.22361187424
267,0.5,1.6744026263
268,0.5,1.6744026263
269,0.5,1.62529691119
270,0.5,1.62529691119
271,0.5,1.52600518802
272,0.5,1.52600518802
273,0.5,1.37605391565
274,0.5,1.37605391565
275,0.5,1.50634663688
276,0.5,1.50634663688
277,0.5,1.53986547495
278,0.5,1.53986547495
279,0.5,1.28916407082
280,0.5,1.28916407082
281,0.5,1.29521217876
282,0.5,1.29521217876
283,0.5,1.44552694462
284,0.5,1.44552694462
285,0.5,1.34801501502
286,0.5,1.34801501502
287,0.5,1.47813988336
288,0.5,1.47813988336
289,0.5,1.2210034132
290,0.5,1.2210034132
291,0.5,1.4465164898
292,0.5,1.4465164898
293,0.5,1.38756666155
294,0.5,1.38756666155
295,0.5,1.59218910927
296,0.5,1.59218910927
297,0.5,1.30373135988
298,0.5,1.30373135988
299,0.5,1.29814462215
300,0.5,1.29814462215
301,0.5,1.27703422484
302,0.5,1.27703422484
303,0.5,1.25592160781
304,0.5,1.25592160781
305,0.5,1.37883496696
306,0.5,1.37883496696
307,0.5,1.41395454449
308,0.5,1.41395454449
309,0.5,1.3279169493
310,0.5,1.3279169493
311,0.5,1.44098932211
312,0.5,1.44098932211
313,0.5,1.22436257933
314,0.5,1.22436257933
315,0.5,1.41915897409
316,0.5,1.41915897409
317,0.5,1.37196985645
318,0.5,1.37196985645
319,0.5,1.35404013211
320,0.5,1.35404013211
321,0.5,1.41847912618
322,0.5,1.41847912618
323,0.5,1.23051360353
324,0.5,1.23051360353
325,0.5,1.3453710864
326,0.5,1.3453710864
327,0.5,1.38762483288
328,0.5,1.38762483288
329,0.5,1.30462367036
330,0.5,1.30462367036
331,0.5,1.25779585437
332,0.5,1.25779585437
333,0.5,1.39150433398
334,0.5,1.39150433398
335,0.5,1.52379938642
336,0.5,1.52379938642
337,0.5,1.4286076851
338,0.5,1.4286076851
339,0.5,1.40982368784
340,0.5,1.40982368784
341,0.5,1.38867742815
342,0.5,1.38867742815
343,0.5,1.26082227082
344,0.5,1.26082227082
345,0.5,1.27267936875
346,0.5,1.27267936875
347,0.5,1.25282503905
348,0.5,1.25282503905
349,0.5,1.37205449714
350,0.5,1.37205449714
351,0.5,1.23627229868
352,0.5,1.23627229868
353,0.5,1.56901069398
354,0.5,1.56901069398
355,0.5,1.29107431587
356,0.5,1.29107431587
357,0.5,1.22434967993
358,0.5,1.22434967993
359,0.5,1.2415000785
360,0.5,1.2415000785
361,0.5,1.31822420713
362,0.5,1.31822420713
363,0.5,1.35860975328
364,0.5,1.35860975328
365,0.5,1.47486151249
366,0.5,1.47486151249
367,0.5,1.40793559901
368,0.5,1.40793559901
369,0.5,1.32625349741
370,0.5,1.32625349741
371,0.5,1.39240122898
372,0.5,1.39240122898
373,0.5,1.30914077361
374,0.5,1.30914077361
375,0.5,1.32947158205
376,0.5,1.32947158205
377,0.5,1.32428887556
378,0.5,1.32428887556
379,0.5,1.56393534729
380,0.5,1.56393534729
381,0.5,1.36041737426
382,0.5,1.36041737426
383,0.5,1.57518468994
384,0.5,1.57518468994
385,0.5,1.23249415461
386,0.5,1.23249415461
387,0.5,1.57192760328
388,0.5,1.57192760328
389,0.5,1.6129953421
390,0.5,1.6129953421
391,0.5,1.41976936847
392,0.5,1.41976936847
393,0.5,1.36073905462
394,0.5,1.36073905462
395,0.5,1.33903903053
396,0.5,1.33903903053
397,0.5,1.28403372316
398,0.5,1.28403372316
399,0.5,1.36660376726
400,0.5,1.36660376726
401,0.5,1.27836212748
402,0.5,1.27836212748
403,0.5,1.38575424149
404,0.5,1.38575424149
405,0.5,1.31954287752
406,0.5,1.31954287752
407,0.5,1.25527713199
408,0.5,1.25527713199
409,0.5,1.36603449486
410,0.5,1.36603449486
411,0.5,1.27060651588
412,0.5,1.27060651588
413,0.5,1.59366711953
414,0.5,1.59366711953
415,0.5,1.28497942343
416,0.5,1.28497942343
417,0.5,1.36489607356
418,0.5,1.36489607356
419,0.5,1.59282195485
420,0.5,1.59282195485
421,0.5,1.53530067382
422,0.5,1.53530067382
423,0.5,1.33792311892
424,0.5,1.33792311892
425,0.5,1.32113641257
426,0.5,1.32113641257
427,0.5,1.26830163411
428,0.5,1.26830163411
429,0.5,1.25283725448
430,0.5,1.25283725448
431,0.5,1.60830552088
432,0.5,1.60830552088
433,0.5,1.47212889369
434,0.5,1.47212889369
435,0.5,1.29515432261
436,0.5,1.29515432261
437,0.5,1.32964311976
438,0.5,1.32964311976
439,0.5,1.29611239712
440,0.5,1.29611239712
441,0.5,1.21697764805
442,0.5,1.21697764805
443,0.5,1.48171618133
444,0.5,1.48171618133
445,0.5,1.34644964055
446,0.5,1.34644964055
447,0.5,1.41699679751
448,0.5,1.41699679751
449,0.5,1.30748563176
450,0.5,1.30748563176
451,0.5,1.31852684874
452,0.5,1.31852684874
453,0.5,1.45125092537
454,0.5,1.45125092537
455,0.5,1.48474033507
456,0.5,1.48474033507
457,0.5,1.39108584307
458,0.5,1.39108584307
459,0.5,1.36805551348
460,0.5,1.36805551348
461,0.5,1.43260029221
462,0.5,1.43260029221
463,0.5,1.33815099085
464,0.5,1.33815099085
465,0.5,1.25599285037
466,0.5,1.25599285037
467,0.5,1.38075332801
468,0.5,1.38075332801
469,0.5,1.31229539405
470,0.5,1.31229539405
471,0.5,1.45858967157
472,0.5,1.45858967157
473,0.5,1.38940055513
474,0.5,1.38940055513
475,0.5,1.27495014962
476,0.5,1.27495014962
477,0.5,1.57571816843
478,0.5,1.57571816843
479,0.5,1.41004883304
480,0.5,1.41004883304
481,0.5,1.27538447638
482,0.5,1.27538447638
483,0.5,1.33635644565
484,0.5,1.33635644565
485,0.5,1.41769912805
486,0.5,1.41769912805
487,0.5,1.36578598144
488,0.5,1.36578598144
489,0.5,1.38830272067
490,0.5,1.38830272067
491,0.5,1.49400650789
492,0.5,1.49400650789
493,0.5,1.52564863568
494,0.5,1.52564863568
495,0.5,1.30447833527
496,0.5,1.30447833527
497,0.5,1.42304956793
498,0.5,1.42304956793
499,0.5,1.448814922
500,0.5,1.448814922
501,0.5,1.44828063692
502,0.5,1.44828063692
503,0.5,1.54347312386
504,0.5,1.54347312386
505,0.5,1.3728372767
506,0.5,1.3728372767
507,0.5,1.40158890987
508,0.5,1.40158890987
509,0.5,1.23163450404
510,0.5,1.23163450404
511,0.5,1.4855935731
512,0.5,1.4855935731
513,0.5,1.4069936713
514,0.5,1.4069936713
515,0.5,1.38438296195
516,0.5,1.38438296195
517,0.5,1.35454673268
518,0.5,1.35454673268
519,0.5,1.25328985824
520,0.5,1.25328985824
521,0.5,1.51172307056
522,0.5,1.51172307056
523,0.5,1.24250446732
524,0.5,1.24250446732
525,0.5,1.25669166132
526,0.5,1.25669166132
527,0.5,1.36992107021
528,0.5,1.36992107021
529,0.5,1.28155728249
530,0.5,1.28155728249
531,0.5,1.27741183799
532,0.5,1.27741183799
533,0.5,1.32921874252
534,0.5,1.32921874252
535,0.5,1.29911854181
536,0.5,1.29911854181
537,0.5,1.6536445999
538,0.5,1.6536445999
539,0.5,1.47718675379
540,0.5,1.47718675379
541,0.5,1.36844156255
542,0.5,1.36844156255
543,0.5,1.37110155846
544,0.5,1.37110155846
545,0.5,1.4122966206
546,0.5,1.4122966206
547,0.5,1.35663295242
548,0.5,1.35663295242
549,0.5,1.31158624993
550,0.5,1.31158624993
551,0.5,1.39580121447
552,0.5,1.39580121447
553,0.5,1.45428965267
554,0.5,1.45428965267
555,0.5,1.49370658167
556,0.5,1.49370658167
557,0.5,1.4229426882
558,0.5,1.4229426882
559,0.5,1.34310256924
560,0.5,1.34310256924
561,0.5,1.6748159371
562,0.5,1.6748159371
563,0.5,1.25078937572
564,0.5,1.25078937572
565,0.5,1.28003001959
566,0.5,1.28003001959
567,0.5,1.43257776066
568,0.5,1.43257776066
569,0.5,1.33486914176
570,0.5,1.33486914176
571,0.5,1.48714917431
572,0.5,1.48714917431
573,0.5,1.30036318505
574,0.5,1.30036318505
575,0.5,1.62141777911
576,0.5,1.62141777911
577,0.5,1.29121847123
578,0.5,1.29121847123
579,0.5,1.39088451236
580,0.5,1.39088451236
581,0.5,1.26960172054
582,0.5,1.26960172054
583,0.5,1.29340042014
584,0.5,1.29340042014
585,0.5,1.27834007538
586,0.5,1.27834007538
587,0.5,1.34425734796
588,0.5,1.34425734796
589,0.5,1.2582707866
590,0.5,1.2582707866
591,0.5,1.50304253167
592,0.5,1.50304253167
593,0.5,1.35512039851
594,0.5,1.35512039851
595,0.5,1.33562611604
596,0.5,1.33562611604
597,0.5,1.25206606591
598,0.5,1.25206606591
599,0.5,1.64298851086
600,0.5,1.64298851086
601,0.5,1.35408256722
602,0.5,1.35408256722
603,0.5,1.37537524064
604,0.5,1.37537524064
605,0.5,1.25614519103
606,0.5,1.25614519103
607,0.5,1.34723331554
608,0.5,1.34723331554
609,0.5,1.32824919438
610,0.5,1.32824919438
611,0.5,1.49867704561
612,0.5,1.49867704561
613,0.5,1.23794976899
614,0.5,1.23794976899
615,0.5,1.28451004342
616,0.5,1.28451004342
617,0.5,1.39417996184
618,0.5,1.39417996184
619,0.5,1.34866942032
620,0.5,1.34866942032
621,0.5,1.4410445648
622,0.5,1.4410445648
623,0.5,1.92116646636
624,0.5,1.92116646636
625,0.5,1.4149044344
626,0.5,1.4149044344
627,0.5,1.41489239873
628,0.5,1.41489239873
629,0.5,1.40841399509
630,0.5,1.40841399509
631,0.5,1.45227082677
632,0.5,1.45227082677
633,0.5,1.24295088368
634,0.5,1.24295088368
635,0.5,1.44398598869
636,0.5,1.44398598869
637,0.5,1.30215762682
638,0.5,1.30215762682
639,0.5,1.38970949235
640,0.5,1.38970949235
641,0.5,1.3761716438
642,0.5,1.3761716438
643,0.5,1.27117884209
644,0.5,1.27117884209
645,0.5,1.29646762864
646,0.5,1.29646762864
647,0.5,1.39568846691
648,0.5,1.39568846691
649,0.5,1.2782644382
650,0.5,1.2782644382
651,0.5,1.34058717186
652,0.5,1.34058717186
653,0.5,1.35370441236
654,0.5,1.35370441236
655,0.5,1.37510573814
656,0.5,1.37510573814
657,0.5,1.42890537265
658,0.5,1.42890537265
659,0.5,1.4283448366
660,0.5,1.4283448366
661,0.5,1.2925997394
662,0.5,1.2925997394
663,0.5,1.21193500995
664,0.5,1.21193500995
665,0.5,1.45239535106
666,0.5,1.45239535106
667,0.5,1.34798713617
668,0.5,1.34798713617
669,0.5,1.27027554217
670,0.5,1.27027554217
671,0.5,1.26091401055
672,0.5,1.26091401055
673,0.5,1.27199164277
674,0.5,1.27199164277
675,0.5,1.42056986823
676,0.5,1.42056986823
677,0.5,1.4851043438
678,0.5,1.4851043438
679,0.5,1.47068065184
680,0.5,1.47068065184
681,0.5,1.65983507389
682,0.5,1.65983507389
683,0.5,1.46938125401
684,0.5,1.46938125401
685,0.5,1.30761177725
686,0.5,1.30761177725
687,0.5,1.26284522977
688,0.5,1.26284522977
689,0.5,1.62001744623
690,0.5,1.62001744623
691,0.5,1.2260625375
692,0.5,1.2260625375
693,0.5,1.92028484307
694,0.5,1.92028484307
695,0.5,1.59669829839
696,0.5,1.59669829839
697,0.5,1.48868170779
698,0.5,1.48868170779
699,0.5,1.4723569213
700,0.5,1.4723569213
701,0.5,1.41779050164
702,0.5,1.41779050164
703,0.5,1.46850721751
704,0.5,1.46850721751
705,0.5,1.46944389513
706,0.5,1.46944389513
707,0.5,1.30081283187
708,0.5,1.30081283187
709,0.5,1.97543078473
710,0.5,1.97543078473
711,0.5,1.69331639201
712,0.5,1.69331639201
713,0.5,1.31732488797
714,0.5,1.31732488797
715,0.5,1.42352462904
716,0.5,1.42352462904
717,0.5,1.23962190038
718,0.5,1.23962190038
719,0.5,1.38202569715
720,0.5,1.38202569715
721,0.5,1.25962950122
722,0.5,1.25962950122
723,0.5,1.30696842134
724,0.5,1.30696842134
725,0.5,1.29264832861
726,0.5,1.29264832861
727,0.5,1.3481433433
728,0.5,1.3481433433
729,0.5,1.34996896245
730,0.5,1.34996896245
731,0.5,1.35890177484
732,0.5,1.35890177484
733,0.5,1.34091563073
734,0.5,1.34091563073
735,0.5,1.4767492201
736,0.5,1.4767492201
737,0.5,1.35697093841
738,0.5,1.35697093841
739,0.5,1.3114693449
740,0.5,1.3114693449
741,0.5,1.3641044968
742,0.5,1.3641044968
743,0.5,1.34240573063
744,0.5,1.34240573063
745,0.5,1.82681234998
746,0.5,1.82681234998
747,0.5,1.26696751437
748,0.5,1.26696751437
749,0.5,1.56142447066
750,0.5,1.56142447066
751,0.5,1.40889869622
752,0.5,1.40889869622
753,0.5,1.31432073267
754,0.5,1.31432073267
755,0.5,1.31490649261
756,0.5,1.31490649261
757,0.5,1.48462843054
758,0.5,1.48462843054
759,0.5,1.34085923455
760,0.5,1.34085923455
761,0.5,1.6461815496
762,0.5,1.6461815496
763,0.5,1.24216622195
764,0.5,1.24216622195
765,0.5,1.34692602319
766,0.5,1.34692602319
767,0.5,1.35451820029
768,0.5,1.35451820029
769,0.5,1.47349865699
770,0.5,1.47349865699
771,0.5,1.29096768863
772,0.5,1.29096768863
773,0.5,1.29448473802
774,0.5,1.29448473802
775,0.5,1.37348900141
776,0.5,1.37348900141
777,0.5,2.00555359185
778,0.5,2.00555359185
779,0.5,1.69746219181
780,0.5,1.69746219181
781,0.5,1.37506361169
782,0.5,1.37506361169
783,0.5,1.30074342595
784,0.5,1.30074342595
785,0.5,1.26825719033
786,0.5,1.26825719033
787,0.5,1.44103822278
788,0.5,1.44103822278
789,0.5,1.70656870973
790,0.5,1.70656870973
791,0.5,1.48722262885
792,0.5,1.48722262885
793,0.5,1.27006242666
794,0.5,1.27006242666
795,0.5,1.30462612154
796,0.5,1.30462612154
797,0.5,1.35237265509
798,0.5,1.35237265509
799,0.5,1.27682910279
800,0.5,1.27682910279
801,0.5,1.27463808118
802,0.5,1.27463808118
803,0.5,1.34020307391
804,0.5,1.34020307391
805,0.5,1.39670126091
806,0.5,1.39670126091
807,0.5,1.44240183788
808,0.5,1.44240183788
809,0.5,1.34880970621
810,0.5,1.34880970621
811,0.5,1.36421956448
812,0.5,1.36421956448
813,0.5,1.29492010185
814,0.5,1.29492010185
815,0.5,1.31633542833
816,0.5,1.31633542833
817,0.5,1.55919566816
818,0.5,1.55919566816
819,0.5,1.44951740215
820,0.5,1.44951740215
821,0.5,1.42711478886
822,0.5,1.42711478886
823,0.5,1.36769797917
824,0.5,1.36769797917
825,0.5,1.43502733687
826,0.5,1.43502733687
827,0.5,1.31073637315
828,0.5,1.31073637315
829,0.5,1.30146125478
830,0.5,1.30146125478
831,0.5,1.51452453906
832,0.5,1.51452453906
833,0.5,1.39529344426
834,0.5,1.39529344426
835,0.5,1.29081882255
836,0.5,1.29081882255
837,0.5,1.31563202538
838,0.5,1.31563202538
839,0.5,1.52137087451
840,0.5,1.52137087451
841,0.5,1.54167529394
842,0.5,1.54167529394
843,0.5,1.43412951476
844,0.5,1.43412951476
845,0.5,1.43426446369
846,0.5,1.43426446369
847,0.5,1.32453470667
848,0.5,1.32453470667
849,0.5,1.38144308981
850,0.5,1.38144308981
851,0.5,1.34896075993
852,0.5,1.34896075993
853,0.5,1.3215251764
854,0.5,1.3215251764
855,0.5,1.28109176445
856,0.5,1.28109176445
857,0.5,1.33855210707
858,0.5,1.33855210707
859,0.5,1.27321793737
860,0.5,1.27321793737
861,0.5,1.5025780465
862,0.5,1.5025780465
863,0.5,1.63330755548
864,0.5,1.63330755548
865,0.5,1.40929823271
866,0.5,1.40929823271
867,0.5,1.33466944087
868,0.5,1.33466944087
869,0.5,1.35899163433
870,0.5,1.35899163433
871,0.5,1.29785867169
872,0.5,1.29785867169
873,0.5,1.49627008091
874,0.5,1.49627008091
875,0.5,1.23896303968
876,0.5,1.23896303968
877,0.5,1.50674435747
878,0.5,1.50674435747
879,0.5,1.41021364544
880,0.5,1.41021364544
881,0.5,1.26695029144
882,0.5,1.26695029144
883,0.5,1.33390259937
884,0.5,1.33390259937
885,0.5,1.40954806708
886,0.5,1.40954806708
887,0.5,1.28205461398
888,0.5,1.28205461398
889,0.5,1.47822695786
890,0.5,1.47822695786
891,0.5,1.35725071431
892,0.5,1.35725071431
893,0.5,1.37165536805
894,0.5,1.37165536805
895,0.5,1.32974335613
896,0.5,1.32974335613
897,0.5,1.24649793363
898,0.5,1.24649793363
899,0.5,1.42516687853
900,0.5,1.42516687853
901,0.5,1.235249416
902,0.5,1.235249416
903,0.5,1.80441178256
904,0.5,1.80441178256
905,0.5,1.4911849453
906,0.5,1.4911849453
907,0.5,1.3627526364
908,0.5,1.3627526364
909,0.5,1.38407466495
910,0.5,1.38407466495
911,0.5,1.59461151347
912,0.5,1.59461151347
913,0.5,1.27904250659
914,0.5,1.27904250659
915,0.5,1.30454583639
916,0.5,1.30454583639
917,0.5,1.38377713312
918,0.5,1.38377713312
919,0.5,1.27329358208
920,0.5,1.27329358208
921,0.5,1.46478656835
922,0.5,1.46478656835
923,0.5,1.44857873569
924,0.5,1.44857873569
925,0.5,1.51083543685
926,0.5,1.51083543685
927,0.5,1.31144794212
928,0.5,1.31144794212
929,0.5,1.31060875252
930,0.5,1.31060875252
931,0.5,1.4338045495
932,0.5,1.4338045495
933,0.5,1.34578803839
934,0.5,1.34578803839
935,0.5,1.79576148638
936,0.5,1.79576148638
937,0.5,1.64352091053
938,0.5,1.64352091053
939,0.5,1.3562027788
940,0.5,1.3562027788
941,0.5,1.30879014493
942,0.5,1.30879014493
943,0.5,1.32159518752
944,0.5,1.32159518752
945,0.5,1.55984105461
946,0.5,1.55984105461
947,0.5,1.59024705471
948,0.5,1.59024705471
949,0.5,1.44003544849
950,0.5,1.44003544849
951,0.5,1.44883111267
952,0.5,1.44883111267
953,0.5,1.34690917405
954,0.5,1.34690917405
955,0.5,1.3475060797
956,0.5,1.3475060797
957,0.5,1.60773475225
958,0.5,1.60773475225
959,0.5,1.24995322291
960,0.5,1.24995322291
961,0.5,1.23250571076
962,0.5,1.23250571076
963,0.5,1.28278040277
964,0.5,1.28278040277
965,0.5,1.27421408339
966,0.5,1.27421408339
967,0.5,1.31522766275
968,0.5,1.31522766275
969,0.5,1.31018865258
970,0.5,1.31018865258
971,0.5,1.32166864099
972,0.5,1.32166864099
973,0.5,1.54068674647
974,0.5,1.54068674647
975,0.5,1.57050326272
976,0.5,1.57050326272
977,0.5,1.37368317153
978,0.5,1.37368317153
979,0.5,1.4038373105
980,0.5,1.4038373105
981,0.5,1.56989420602
982,0.5,1.56989420602
983,0.5,1.97924539122
984,0.5,1.97924539122
985,0.5,1.48263483484
986,0.5,1.48263483484
987,0.5,1.52443457304
988,0.5,1.52443457304
989,0.5,1.3413912588
990,0.5,1.3413912588
991,0.5,1.32060903119
992,0.5,1.32060903119
993,0.5,1.29357325594
994,0.5,1.29357325594
995,0.5,1.28073188539
996,0.5,1.28073188539
997,0.5,1.25511600891
998,0.5,1.25511600891
999,0.5,1.21024995129
1000,0.5,1.21024995129
1001,0.5,1.44410065325
1002,0.5,1.44410065325
1003,0.5,1.36653011865
1004,0.5,1.36653011865
1005,0.5,1.47484026436
1006,0.5,1.47484026436
1007,0.5,1.4230200095
1008,0.5,1.4230200095
1009,0.5,1.25875002311
1010,0.5,1.25875002311
1011,0.5,1.24456603341
1012,0.5,1.24456603341
1013,0.5,1.49067936265
1014,0.5,1.49067936265
1015,0.5,1.33785644336
1016,0.5,1.33785644336
1017,0.5,1.47159845247
1018,0.5,1.47159845247
1019,0.5,1.54455559503
1020,0.5,1.54455559503
1021,0.5,1.23481299604
1022,0.5,1.23481299604
1023,0.5,1.34133000227
1024,0.5,1.34133000227
1025,0.5,1.282647118
1026,0.5,1.282647118
1027,0.5,1.23591487809
1028,0.5,1.23591487809
1029,0.5,1.24055747946
1030,0.5,1.24055747946
1031,0.5,1.28877884782
1032,0.5,1.28877884782
1033,0.5,1.58815373143
1034,0.5,1.58815373143
1035,0.5,1.2981145521
1036,0.5,1.2981145521
1037,0.5,1.62124680515
1038,0.5,1.62124680515
1039,0.5,1.39308706815
1040,0.5,1.39308706815
1041,0.5,1.39954084
1042,0.5,1.39954084
1043,0.5,1.71421218137
1044,0.5,1.71421218137
1045,0.5,1.31713371875
1046,0.5,1.31713371875
1047,0.5,1.23041292101
1048,0.5,1.23041292101
1049,0.5,1.60729192134
1050,0.5,1.60729192134
1051,0.5,1.23070980245
1052,0.5,1.23070980245
1053,0.5,1.21835949533
1054,0.5,1.21835949533
1055,0.5,1.30413187613
1056,0.5,1.30413187613
1057,0.5,1.39899952115
1058,0.5,1.39899952115
1059,0.5,1.32335326832
1060,0.5,1.32335326832
1061,0.5,1.64682322808
1062,0.5,1.64682322808
1063,0.5,1.29719725411
1064,0.5,1.29719725411
1065,0.5,1.30371694832
1066,0.5,1.30371694832
1067,0.5,1.22240400922
1068,0.5,1.22240400922
1069,0.5,1.34036822256
1070,0.5,1.34036822256
1071,0.5,1.32374226689
1072,0.5,1.32374226689
1073,0.5,1.56957113771
1074,0.5,1.56957113771
1075,0.5,1.25552619042
1076,0.5,1.25552619042
1077,0.5,1.42522677052
1078,0.5,1.42522677052
1079,0.5,1.43216881432
1080,0.5,1.43216881432
1081,0.5,1.37546934167
1082,0.5,1.37546934167
1083,0.5,1.42308729282
1084,0.5,1.42308729282
1085,0.5,1.26601980399
1086,0.5,1.26601980399
1087,0.5,1.72174045525
1088,0.5,1.72174045525
1089,0.5,1.43215892609
1090,0.5,1.43215892609
1091,0.5,2.0130790279
1092,0.5,2.0130790279
1093,0.5,1.29840170047
1094,0.5,1.29840170047
1095,0.5,1.57019667348
1096,0.5,1.57019667348
1097,0.5,1.31303858273
1098,0.5,1.31303858273
1099,0.5,1.38740091039
1100,0.5,1.38740091039
1101,0.5,1.25734063529
1102,0.5,1.25734063529
1103,0.5,1.3846415012
1104,0.5,1.3846415012
1105,0.5,1.20815549939
1106,0.5,1.20815549939
1107,0.5,1.54920989122
1108,0.5,1.54920989122
1109,0.5,1.5558025356
1110,0.5,1.5558025356
1111,0.5,1.2259551316
1112,0.5,1.2259551316
1113,0.5,1.23884353478
1114,0.5,1.23884353478
1115,0.5,1.28473532857
1116,0.5,1.28473532857
1117,0.5,1.44509705262
1118,0.5,1.44509705262
1119,0.5,1.43162365789
1120,0.5,1.43162365789
1121,0.5,1.32772653814
1122,0.5,1.32772653814
1123,0.5,1.33075163522
1124,0.5,1.33075163522
1125,0.5,1.23922220454
1126,0.5,1.23922220454
1127,0.5,1.43250819494
1128,0.5,1.43250819494
1129,0.5,1.33413666599
1130,0.5,1.33413666599
1131,0.5,1.33229213896
1132,0.5,1.33229213896
1133,0.5,1.28346389102
1134,0.5,1.28346389102
1135,0.5,1.24190908066
1136,0.5,1.24190908066
1137,0.5,1.38725311204
1138,0.5,1.38725311204
1139,0.5,1.22505729148
1140,0.5,1.22505729148
1141,0.5,1.65240529672
1142,0.5,1.65240529672
1143,0.5,1.48510815172
1144,0.5,1.48510815172
1145,0.5,1.32976229703
1146,0.5,1.32976229703
1147,0.5,1.42166325094
1148,0.5,1.42166325094
1149,0.5,1.34695400194
1150,0.5,1.34695400194
1151,0.5,1.23879661614
1152,0.5,1.23879661614
1153,0.5,1.35417066633
1154,0.5,1.35417066633
1155,0.5,1.33597071318
1156,0.5,1.33597071318
1157,0.5,1.26277214611
1158,0.5,1.26277214611
1159,0.5,1.35921267964
1160,0.5,1.35921267964
1161,0.5,1.29819586602
1162,0.5,1.29819586602
1163,0.5,1.32321167298
1164,0.5,1.32321167298
1165,0.5,1.49199876407
1166,0.5,1.49199876407
1167,0.5,1.28743848822
1168,0.5,1.28743848822
1169,0.5,1.36788785577
1170,0.5,1.36788785577
1171,0.5,1.25649169503
1172,0.5,1.25649169503
1173,0.5,1.9853459122
1174,0.5,1.9853459122
1175,0.5,1.55285447081
1176,0.5,1.55285447081
1177,0.5,1.30996677999
1178,0.5,1.30996677999
1179,0.5,1.55654041211
1180,0.5,1.55654041211
1181,0.5,1.27353134422
1182,0.5,1.27353134422
1183,0.5,1.45933574453
1184,0.5,1.45933574453
1185,0.5,1.40111147285
1186,0.5,1.40111147285
1187,0.5,1.42618835404
1188,0.5,1.42618835404
1189,0.5,1.76122334138
1190,0.5,1.76122334138
1191,0.5,1.37953674575
1192,0.5,1.37953674575
1193,0.5,1.30748195479
1194,0.5,1.30748195479
1195,0.5,1.45938232311
1196,0.5,1.45938232311
1197,0.5,1.60355104107
1198,0.5,1.60355104107
1199,0.5,1.22977054287
1200,0.5,1.22977054287
1201,0.5,1.23399265214
1202,0.5,1.23399265214
1203,0.5,1.23174770352
1204,0.5,1.23174770352
1205,0.5,1.33511094411
1206,0.5,1.33511094411
1207,0.5,1.38083093755
1208,0.5,1.38083093755
1209,0.5,1.43266187167
1210,0.5,1.43266187167
1211,0.5,1.39912869134
1212,0.5,1.39912869134
1213,0.5,1.2901524972
1214,0.5,1.2901524972
1215,0.5,1.44821779143
1216,0.5,1.44821779143
1217,0.5,1.37765563467
1218,0.5,1.37765563467
1219,0.5,1.49737955568
1220,0.5,1.49737955568
1221,0.5,1.72368224402
1222,0.5,1.72368224402
1223,0.5,1.52535794596
1224,0.5,1.52535794596
1225,0.5,1.22521472336
1226,0.5,1.22521472336
1227,0.5,1.31782468982
1228,0.5,1.31782468982
1229,0.5,1.42462297081
1230,0.5,1.42462297081
1231,0.5,1.33585603418
1232,0.5,1.33585603418
1233,0.5,1.31133992103
1234,0.5,1.31133992103
1235,0.5,1.28001575712
1236,0.5,1.28001575712
1237,0.5,1.44032848821
1238,0.5,1.44032848821
1239,0.5,1.42281959332
1240,0.5,1.42281959332
1241,0.5,1.26683703305
1242,0.5,1.26683703305
1243,0.5,1.23243324755
1244,0.5,1.23243324755
1245,0.5,1.38091954627
1246,0.5,1.38091954627
1247,0.5,1.28215794816
1248,0.5,1.28215794816
1249,0.5,1.38218879026
1250,0.5,1.38218879026
1251,0.5,1.27495818862
1252,0.5,1.27495818862
1253,0.5,1.48834276302
1254,0.5,1.48834276302
1255,0.5,1.23572365186
1256,0.5,1.23572365186
1257,0.5,1.35127779857
1258,0.5,1.35127779857
1259,0.5,1.64035752305
1260,0.5,1.64035752305
1261,0.5,1.37755013188
1262,0.5,1.37755013188
1263,0.5,1.48252281655
1264,0.5,1.48252281655
1265,0.5,1.29546338147
1266,0.5,1.29546338147
1267,0.5,1.37595827477
1268,0.5,1.37595827477
1269,0.5,1.31474725719
1270,0.5,1.31474725719
1271,0.5,1.52516160654
1272,0.5,1.52516160654
1273,0.5,1.2679356472
1274,0.5,1.2679356472
1275,0.5,1.22612928351
1276,0.5,1.22612928351
1277,0.5,1.64220407033
1278,0.5,1.64220407033
1279,0.5,1.31996022445
1280,0.5,1.31996022445
1281,0.5,1.51121711711
1282,0.5,1.51121711711
1283,0.5,1.46179807256
1284,0.5,1.46179807256
1285,0.5,1.30922328426
1286,0.5,1.30922328426
1287,0.5,1.33419733747
1288,0.5,1.33419733747
1289,0.5,1.3134369544
1290,0.5,1.3134369544
1291,0.5,1.74607453307
1292,0.5,1.74607453307
1293,0.5,1.401606466
1294,0.5,1.401606466
1295,0.5,1.44129310255
1296,0.5,1.44129310255
1297,0.5,1.28837045244
1298,0.5,1.28837045244
1299,0.5,1.57542940577
1300,0.5,1.57542940577
1301,0.5,1.29764508281
1302,0.5,1.29764508281
1303,0.5,1.4687460537
1304,0.5,1.4687460537
1305,0.5,1.34140827906
1306,0.5,1.34140827906
1307,0.5,1.57482424562
1308,0.5,1.57482424562
1309,0.5,1.52670923294
1310,0.5,1.52670923294
1311,0.5,1.30816776429
1312,0.5,1.30816776429
1313,0.5,1.46136159954
1314,0.5,1.46136159954
1315,0.5,1.33314220313
1316,0.5,1.33314220313
1317,0.5,1.5322977482
1318,0.5,1.5322977482
1319,0.5,1.27643519783
1320,0.5,1.27643519783
1321,0.5,1.43228839774
1322,0.5,1.43228839774
1323,0.5,1.85816226775
1324,0.5,1.85816226775
1325,0.5,1.7110262349
1326,0.5,1.7110262349
1327,0.5,1.38002359818
1328,0.5,1.38002359818
1329,0.5,1.3074660062
1330,0.5,1.3074660062
1331,0.5,1.32373633673
1332,0.5,1.32373633673
1333,0.5,1.2603521756
1334,0.5,1.2603521756
1335,0.5,1.41072673592
1336,0.5,1.41072673592
1337,0.5,1.41635515384
1338,0.5,1.41635515384
1339,0.5,1.49935641799
1340,0.5,1.49935641799
1341,0.5,1.65275579097
1342,0.5,1.65275579097
1343,0.5,1.40972865329
1344,0.5,1.40972865329
1345,0.5,1.67835461495
1346,0.5,1.67835461495
1347,0.5,1.36794676598
1348,0.5,1.36794676598
1349,0.5,1.20754504939
1350,0.5,1.20754504939
1351,0.5,1.34873275204
1352,0.5,1.34873275204
1353,0.5,1.37333140644
1354,0.5,1.37333140644
1355,0.5,1.6480958296
1356,0.5,1.6480958296
1357,0.5,1.22657694779
1358,0.5,1.22657694779
1359,0.5,1.27522202025
1360,0.5,1.27522202025
1361,0.5,1.36146515657
1362,0.5,1.36146515657
1363,0.5,1.33508113378
1364,0.5,1.33508113378
1365,0.5,1.34869228108
1366,0.5,1.34869228108
1367,0.5,1.42134578746
1368,0.5,1.42134578746
1369,0.5,1.23516134359
1370,0.5,1.23516134359
1371,0.5,1.44682045628
1372,0.5,1.44682045628
1373,0.5,1.64118859567
1374,0.5,1.64118859567
1375,0.5,1.31107065705
1376,0.5,1.31107065705
1377,0.5,1.44160916537
1378,0.5,1.44160916537
1379,0.5,1.32991759939
1380,0.5,1.32991759939
1381,0.5,1.30718801258
1382,0.5,1.30718801258
1383,0.5,1.35276841211
1384,0.5,1.35276841211
1385,0.5,1.26323939385
1386,0.5,1.26323939385
1387,0.5,1.31530680056
1388,0.5,1.31530680056
1389,0.5,1.23753230885
1390,0.5,1.23753230885
1391,0.5,1.32987912107
1392,0.5,1.32987912107
1393,0.5,1.27046011359
1394,0.5,1.27046011359
1395,0.5,1.4942749974
1396,0.5,1.4942749974
1397,0.5,1.26486550875
1398,0.5,1.26486550875
1399,0.5,1.36040448886
1400,0.5,1.36040448886
1401,0.5,1.62134571963
1402,0.5,1.62134571963
1403,0.5,1.5576151415
1404,0.5,1.5576151415
1405,0.5,1.46254590584
1406,0.5,1.46254590584
1407,0.5,1.50013646565
1408,0.5,1.50013646565
1409,0.5,1.228027136
1410,0.5,1.228027136
1411,0.5,1.41704214777
1412,0.5,1.41704214777
1413,0.5,1.47640580055
1414,0.5,1.47640580055
1415,0.5,1.29196340404
1416,0.5,1.29196340404
1417,0.5,1.25516191627
1418,0.5,1.25516191627
1419,0.5,1.42074590285
1420,0.5,1.42074590285
1421,0.5,1.27476347299
1422,0.5,1.27476347299
1423,0.5,1.28812566349
1424,0.5,1.28812566349
1425,0.5,1.65261707674
1426,0.5,1.65261707674
1427,0.5,1.28994725113
1428,0.5,1.28994725113
1429,0.5,1.33666585889
1430,0.5,1.33666585889
1431,0.5,1.27503877503
1432,0.5,1.27503877503
1433,0.5,1.25962701806
1434,0.5,1.25962701806
1435,0.5,1.28340703769
1436,0.5,1.28340703769
1437,0.5,1.49488029365
1438,0.5,1.49488029365
1439,0.5,1.62424053833
1440,0.5,1.62424053833
1441,0.5,1.25847907019
1442,0.5,1.25847907019
1443,0.5,1.63144845887
1444,0.5,1.63144845887
1445,0.5,1.44723464002
1446,0.5,1.44723464002
1447,0.5,1.42319539848
1448,0.5,1.42319539848
1449,0.5,1.84923171374
1450,0.5,1.84923171374
1451,0.5,1.36778888614
1452,0.5,1.36778888614
1453,0.5,1.2762911455
1454,0.5,1.2762911455
1455,0.5,1.38201304223
1456,0.5,1.38201304223
1457,0.5,1.40283171676
1458,0.5,1.40283171676
1459,0.5,1.35832531512
1460,0.5,1.35832531512
1461,0.5,1.42765699819
1462,0.5,1.42765699819
1463,0.5,1.23863993
1464,0.5,1.23863993
1465,0.5,1.33108528304
1466,0.5,1.33108528304
1467,0.5,1.49063110582
1468,0.5,1.49063110582
1469,0.5,1.32548626699
1470,0.5,1.32548626699
1471,0.5,1.54747547567
1472,0.5,1.54747547567
1473,0.5,1.58425451611
1474,0.5,1.58425451611
1475,0.5,1.25363791331
1476,0.5,1.25363791331
1477,0.5,1.26837391075
1478,0.5,1.26837391075
1479,0.5,1.28479817678
1480,0.5,1.28479817678
1481,0.5,1.75547808789
1482,0.5,1.75547808789
1483,0.5,1.27403853539
1484,0.5,1.27403853539
1485,0.5,1.57459035929
1486,0.5,1.57459035929
1487,0.5,1.27670603363
1488,0.5,1.27670603363
1489,0.5,1.36336636651
1490,0.5,1.36336636651
1491,0.5,1.9941705464
1492,0.5,1.9941705464
1493,0.5,1.23243712278
1494,0.5,1.23243712278
1495,0.5,1.32208854465
1496,0.5,1.32208854465
1497,0.5,1.33792533037
1498,0.5,1.33792533037
1499,0.5,1.27287016147
1500,0.5,1.27287016147
1501,0.5,1.72425713814
1502,0.5,1.72425713814
1503,0.5,1.23721282837
1504,0.5,1.23721282837
1505,0.5,1.3830814302
1506,0.5,1.3830814302
1507,0.5,1.25405320679
1508,0.5,1.25405320679
1509,0.5,1.20873301074
1510,0.5,1.20873301074
1511,0.5,1.38601951762
1512,0.5,1.38601951762
1513,0.5,1.24443829638
1514,0.5,1.24443829638
1515,0.5,1.26164834566
1516,0.5,1.26164834566
1517,0.5,1.41455897111
1518,0.5,1.41455897111
1519,0.5,1.23786340251
1520,0.5,1.23786340251
1521,0.5,1.25863133253
1522,0.5,1.25863133253
1523,0.5,1.44714802538
1524,0.5,1.44714802538
1525,0.5,1.62138951122
1526,0.5,1.62138951122
1527,0.5,1.55946263408
1528,0.5,1.55946263408
1529,0.5,1.42940098413
1530,0.5,1.42940098413
1531,0.5,1.23995431468
1532,0.5,1.23995431468
1533,0.5,1.32640515853
1534,0.5,1.32640515853
1535,0.5,1.41086433776
1536,0.5,1.41086433776
1537,0.5,1.41877623634
1538,0.5,1.41877623634
1539,0.5,1.24266236272
1540,0.5,1.24266236272
1541,0.5,1.36667981544
1542,0.5,1.36667981544
1543,0.5,1.34660195588
1544,0.5,1.34660195588
1545,0.5,1.39907894493
1546,0.5,1.39907894493
1547,0.5,1.36380947487
1548,0.5,1.36380947487
1549,0.5,1.2162965988
1550,0.5,1.2162965988
1551,0.5,1.33227314091
1552,0.5,1.33227314091
1553,0.5,1.23167433589
1554,0.5,1.23167433589
1555,0.5,1.25438106575
1556,0.5,1.25438106575
1557,0.5,1.21267063742
1558,0.5,1.21267063742
1559,0.5,1.31838995168
1560,0.5,1.31838995168
1561,0.5,1.24332161159
1562,0.5,1.24332161159
1563,0.5,1.56050759338
1564,0.5,1.56050759338
1565,0.5,1.46096457432
1566,0.5,1.46096457432
1567,0.5,1.31648445618
1568,0.5,1.31648445618
1569,0.5,1.26992040354
1570,0.5,1.26992040354
1571,0.5,1.39401384791
1572,0.5,1.39401384791
1573,0.5,1.29065682221
1574,0.5,1.29065682221
1575,0.5,1.31464162429
1576,0.5,1.31464162429
1577,0.5,1.2985529819
1578,0.5,1.2985529819
1579,0.5,1.52330637301
1580,0.5,1.52330637301
1581,0.5,1.34397239043
1582,0.5,1.34397239043
1583,0.5,1.29838512607
1584,0.5,1.29838512607
1585,0.5,1.31485330416
1586,0.5,1.31485330416
1587,0.5,1.37880196746
1588,0.5,1.37880196746
1589,0.5,1.53056168497
1590,0.5,1.53056168497
1591,0.5,1.36331908631
1592,0.5,1.36331908631
1593,0.5,1.34810593477
1594,0.5,1.34810593477
1595,0.5,1.23618369666
1596,0.5,1.23618369666
1597,0.5,1.38429773676
1598,0.5,1.38429773676
1599,0.5,1.39346041291
1600,0.5,1.39346041291
1601,0.5,1.28495588473
1602,0.5,1.28495588473
1603,0.5,1.5440833321
1604,0.5,1.5440833321
1605,0.5,1.26048845043
1606,0.5,1.26048845043
1607,0.5,1.45572615604
1608,0.5,1.45572615604
1609,0.5,1.36858407149
1610,0.5,1.36858407149
1611,0.5,1.48844857068
1612,0.5,1.48844857068
1613,0.5,1.43853315823
1614,0.5,1.43853315823
1615,0.5,1.51689910463
1616,0.5,1.51689910463
1617,0.5,1.21350825311
1618,0.5,1.21350825311
1619,0.5,1.39390929058
1620,0.5,1.39390929058
1621,0.5,1.35254594041
1622,0.5,1.35254594041
1623,0.5,1.41410336085
1624,0.5,1.41410336085
1625,0.5,1.60581733723
1626,0.5,1.60581733723
1627,0.5,1.54439375193
1628,0.5,1.54439375193
1629,0.5,1.42142654492
1630,0.5,1.42142654492
1631,0.5,1.36842896864
1632,0.5,1.36842896864
1633,0.5,1.48549806446
1634,0.5,1.48549806446
1635,0.5,1.53950450729
1636,0.5,1.53950450729
1637,0.5,1.37149497245
1638,0.5,1.37149497245
1639,0.5,1.34631367882
1640,0.5,1.34631367882
1641,0.5,1.31802054142
1642,0.5,1.31802054142
1643,0.5,1.40604746379
1644,0.5,1.40604746379
1645,0.5,1.49866808826
1646,0.5,1.49866808826
1647,0.5,1.54197654082
1648,0.5,1.54197654082
1649,0.5,1.32040294773
1650,0.5,1.32040294773
1651,0.5,1.49564815219
1652,0.5,1.49564815219
1653,0.5,1.3569563007
1654,0.5,1.3569563007
1655,0.5,1.42631459575
1656,0.5,1.42631459575
1657,0.5,1.30895911218
1658,0.5,1.30895911218
1659,0.5,1.32839298556
1660,0.5,1.32839298556
1661,0.5,1.39552462966
1662,0.5,1.39552462966
1663,0.5,1.32861909196
1664,0.5,1.32861909196
1665,0.5,1.34665931762
1666,0.5,1.34665931762
1667,0.5,1.48771059339
1668,0.5,1.48771059339
1669,0.5,1.57223137421
1670,0.5,1.57223137421
1671,0.5,1.5474265686
1672,0.5,1.5474265686
1673,0.5,1.35296899606
1674,0.5,1.35296899606
1675,0.5,1.35824104943
1676,0.5,1.35824104943
1677,0.5,1.60529447645
1678,0.5,1.60529447645
1679,0.5,1.51196592215
1680,0.5,1.51196592215
1681,0.5,1.27267774221
1682,0.5,1.27267774221
1683,0.5,1.69422404333
1684,0.5,1.69422404333
1685,0.5,1.48495970201
1686,0.5,1.48495970201
1687,0.5,1.24906360452
1688,0.5,1.24906360452
1689,0.5,1.22862736833
1690,0.5,1.22862736833
1691,0.5,1.48495335224
1692,0.5,1.48495335224
1693,0.5,1.48871035404
1694,0.5,1.48871035404
1695,0.5,1.60582438857
1696,0.5,1.60582438857
1697,0.5,1.3145616139
1698,0.5,1.3145616139
1699,0.5,1.49752723568
1700,0.5,1.49752723568
1701,0.5,1.29435203738
1702,0.5,1.29435203738
1703,0.5,1.22245316088
1704,0.5,1.22245316088
1705,0.5,1.42567623433
1706,0.5,1.42567623433
1707,0.5,1.26878679899
1708,0.5,1.26878679899
1709,0.5,1.4441806153
1710,0.5,1.4441806153
1711,0.5,1.48394129157
1712,0.5,1.48394129157
1713,0.5,1.3015441287
1714,0.5,1.3015441287
1715,0.5,1.34267490145
1716,0.5,1.34267490145
1717,0.5,1.26061984457
1718,0.5,1.26061984457
1719,0.5,1.46101386804
1720,0.5,1.46101386804
1721,0.5,1.3258932121
1722,0.5,1.3258932121
1723,0.5,1.3652704339
1724,0.5,1.3652704339
1725,0.5,1.40291816505
1726,0.5,1.40291816505
1727,0.5,1.41727848503
1728,0.5,1.41727848503
1729,0.5,1.39035039374
1730,0.5,1.39035039374
1731,0.5,1.37910232301
1732,0.5,1.37910232301
1733,0.5,1.20755416754
1734,0.5,1.20755416754
1735,0.5,1.59427314112
1736,0.5,1.59427314112
1737,0.5,1.31318315439
1738,0.5,1.31318315439
1739,0.5,1.36799409534
1740,0.5,1.36799409534
1741,0.5,1.77607224092
1742,0.5,1.77607224092
1743,0.5,1.44975089078
1744,0.5,1.44975089078
1745,0.5,1.47225246212
1746,0.5,1.47225246212
1747,0.5,1.45199225731
1748,0.5,1.45199225731
1749,0.5,1.66343275201
1750,0.5,1.66343275201
1751,0.5,1.69659681363
1752,0.5,1.69659681363
1753,0.5,1.49024672557
1754,0.5,1.49024672557
1755,0.5,1.80645496104
1756,0.5,1.80645496104
1757,0.5,1.25666270735
1758,0.5,1.25666270735
1759,0.5,1.69706478367
1760,0.5,1.69706478367
1761,0.5,1.31167672513
1762,0.5,1.31167672513
1763,0.5,1.26807199194
1764,0.5,1.26807199194
1765,0.5,1.30036275448
1766,0.5,1.30036275448
1767,0.5,1.30054841548
1768,0.5,1.30054841548
1769,0.5,1.36474219696
1770,0.5,1.36474219696
1771,0.5,1.36856818264
1772,0.5,1.36856818264
1773,0.5,1.33362041288
1774,0.5,1.33362041288
1775,0.5,1.28284586379
1776,0.5,1.28284586379
1777,0.5,1.30279779455
1778,0.5,1.30279779455
1779,0.5,1.36454493079
1780,0.5,1.36454493079
1781,0.5,1.28342439228
1782,0.5,1.28342439228
1783,0.5,1.30001623317
1784,0.5,1.30001623317
1785,0.5,1.24956059869
1786,0.5,1.24956059869
1787,0.5,1.24928913994
1788,0.5,1.24928913994
1789,0.5,1.751260648
1790,0.5,1.751260648
1791,0.5,1.39088877314
1792,0.5,1.39088877314
1793,0.5,2.22715237957
1794,0.5,2.22715237957
1795,0.5,1.34363885236
1796,0.5,1.34363885236
1797,0.5,1.44616261356
1798,0.5,1.44616261356
1799,0.5,1.30935699408
1800,0.5,1.30935699408
1801,0.5,1.48635438778
1802,0.5,1.48635438778
1803,0.5,1.33462199055
1804,0.5,1.33462199055
1805,0.5,1.28115069924
1806,0.5,1.28115069924
1807,0.5,1.49370869798
1808,0.5,1.49370869798
1809,0.5,1.42505690062
1810,0.5,1.42505690062
1811,0.5,1.36915159141
1812,0.5,1.36915159141
1813,0.5,1.28452205009
1814,0.5,1.28452205009
1815,0.5,1.25300103299
1816,0.5,1.25300103299
1817,0.5,1.83971108985
1818,0.5,1.83971108985
1819,0.5,1.37768196595
1820,0.5,1.37768196595
1821,0.5,1.55321636673
1822,0.5,1.55321636673
1823,0.5,1.3609161193
1824,0.5,1.3609161193
1825,0.5,1.36402130258
1826,0.5,1.36402130258
1827,0.5,2.01190580029
1828,0.5,2.01190580029
1829,0.5,1.25502202443
1830,0.5,1.25502202443
1831,0.5,1.30029975382
1832,0.5,1.30029975382
1833,0.5,1.25987825838
1834,0.5,1.25987825838
1835,0.5,1.36407220523
1836,0.5,1.36407220523
1837,0.5,1.21694003909
1838,0.5,1.21694003909
1839,0.5,1.42727222625
1840,0.5,1.42727222625
1841,0.5,1.36760872132
1842,0.5,1.36760872132
1843,0.5,1.37925596461
1844,0.5,1.37925596461
1845,0.5,1.358843858
1846,0.5,1.358843858
1847,0.5,1.32150912486
1848,0.5,1.32150912486
1849,0.5,1.21134816387
1850,0.5,1.21134816387
1851,0.5,1.326538921
1852,0.5,1.326538921
1853,0.5,1.32913868446
1854,0.5,1.32913868446
1855,0.5,1.51421311667
1856,0.5,1.51421311667
1857,0.5,1.68579430486
1858,0.5,1.68579430486
1859,0.5,1.29416639968
1860,0.5,1.29416639968
1861,0.5,1.28260255646
1862,0.5,1.28260255646
1863,0.5,1.4767327118
1864,0.5,1.4767327118
1865,0.5,1.24732088795
1866,0.5,1.24732088795
1867,0.5,1.27777892431
1868,0.5,1.27777892431
1869,0.5,1.40822790845
1870,0.5,1.40822790845
1871,0.5,1.34540912239
1872,0.5,1.34540912239
1873,0.5,1.49633974807
1874,0.5,1.49633974807
1875,0.5,1.23333578554
1876,0.5,1.23333578554
1877,0.5,1.55894019463
1878,0.5,1.55894019463
1879,0.5,1.49384011989
1880,0.5,1.49384011989
1881,0.5,1.45816426324
1882,0.5,1.45816426324
1883,0.5,1.22717780089
1884,0.5,1.22717780089
1885,0.5,1.2848711421
1886,0.5,1.2848711421
1887,0.5,1.45666745297
1888,0.5,1.45666745297
1889,0.5,1.57164387648
1890,0.5,1.57164387648
1891,0.5,1.29580533484
1892,0.5,1.29580533484
1893,0.5,1.34530847048
1894,0.5,1.34530847048
1895,0.5,1.31687086632
1896,0.5,1.31687086632
1897,0.5,1.37327662325
1898,0.5,1.37327662325
1899,0.5,1.33533509513
1900,0.5,1.33533509513
1901,0.5,1.68313423547
1902,0.5,1.68313423547
1903,0.5,1.56140299499
1904,0.5,1.56140299499
1905,0.5,1.38767606145
1906,0.5,1.38767606145
1907,0.5,1.52403966935
1908,0.5,1.52403966935
1909,0.5,1.33431144822
1910,0.5,1.33431144822
