id,connection_strength,time_delay
1,0.5,1.48474195966
2,0.5,1.48474195966
3,0.5,1.35459313936
4,0.5,1.35459313936
5,0.5,1.32769340964
6,0.5,1.32769340964
7,0.5,1.2842253932
8,0.5,1.2842253932
9,0.5,1.30433001186
10,0.5,1.30433001186
11,0.5,1.28670956241
12,0.5,1.28670956241
13,0.5,1.42284360811
14,0.5,1.42284360811
15,0.5,1.6472614081
16,0.5,1.6472614081
17,0.5,1.31326688041
18,0.5,1.31326688041
19,0.5,1.35703904498
20,0.5,1.35703904498
21,0.5,1.55089732609
22,0.5,1.55089732609
23,0.5,1.32014135263
24,0.5,1.32014135263
25,0.5,1.22912461489
26,0.5,1.22912461489
27,0.5,1.36233508432
28,0.5,1.36233508432
29,0.5,1.3041563251
30,0.5,1.3041563251
31,0.5,1.34458123687
32,0.5,1.34458123687
33,0.5,1.70643617969
34,0.5,1.70643617969
35,0.5,1.26965911049
36,0.5,1.26965911049
37,0.5,1.33169356156
38,0.5,1.33169356156
39,0.5,1.46503143112
40,0.5,1.46503143112
41,0.5,1.26026109463
42,0.5,1.26026109463
43,0.5,1.27579937917
44,0.5,1.27579937917
45,0.5,1.55436509277
46,0.5,1.55436509277
47,0.5,1.36289767212
48,0.5,1.36289767212
49,0.5,1.41509319478
50,0.5,1.41509319478
51,0.5,1.46447261123
52,0.5,1.46447261123
53,0.5,1.48780180496
54,0.5,1.48780180496
55,0.5,1.43974011859
56,0.5,1.43974011859
57,0.5,1.22730217056
58,0.5,1.22730217056
59,0.5,1.32259894061
60,0.5,1.32259894061
61,0.5,1.33072471615
62,0.5,1.33072471615
63,0.5,1.60434483472
64,0.5,1.60434483472
65,0.5,1.42918613242
66,0.5,1.42918613242
67,0.5,1.5486936124
68,0.5,1.5486936124
69,0.5,1.30785064056
70,0.5,1.30785064056
71,0.5,1.44555189209
72,0.5,1.44555189209
73,0.5,1.51938040823
74,0.5,1.51938040823
75,0.5,1.21682221268
76,0.5,1.21682221268
77,0.5,1.28642726283
78,0.5,1.28642726283
79,0.5,1.45427604818
80,0.5,1.45427604818
81,0.5,1.31308851232
82,0.5,1.31308851232
83,0.5,1.30125070085
84,0.5,1.30125070085
85,0.5,1.26145591888
86,0.5,1.26145591888
87,0.5,1.22873314713
88,0.5,1.22873314713
89,0.5,1.37293231632
90,0.5,1.37293231632
91,0.5,1.38649887324
92,0.5,1.38649887324
93,0.5,1.29006089152
94,0.5,1.29006089152
95,0.5,1.36549913688
96,0.5,1.36549913688
97,0.5,1.26043477417
98,0.5,1.26043477417
99,0.5,1.41444252515
100,0.5,1.41444252515
101,0.5,1.20558725401
102,0.5,1.20558725401
103,0.5,1.31093777424
104,0.5,1.31093777424
105,0.5,1.32057332762
106,0.5,1.32057332762
107,0.5,1.52477545489
108,0.5,1.52477545489
109,0.5,1.34319256863
110,0.5,1.34319256863
111,0.5,1.44897738293
112,0.5,1.44897738293
113,0.5,1.37861794393
114,0.5,1.37861794393
115,0.5,1.39830259263
116,0.5,1.39830259263
117,0.5,1.24598465855
118,0.5,1.24598465855
119,0.5,1.27898846383
120,0.5,1.27898846383
121,0.5,1.22960313316
122,0.5,1.22960313316
123,0.5,1.58178063946
124,0.5,1.58178063946
125,0.5,2.08058336317
126,0.5,2.08058336317
127,0.5,1.39464716818
128,0.5,1.39464716818
129,0.5,1.5942725257
130,0.5,1.5942725257
131,0.5,1.23491990276
132,0.5,1.23491990276
133,0.5,1.4395157768
134,0.5,1.4395157768
135,0.5,1.28736244109
136,0.5,1.28736244109
137,0.5,1.30745146766
138,0.5,1.30745146766
139,0.5,1.37337798944
140,0.5,1.37337798944
141,0.5,1.44780436774
142,0.5,1.44780436774
143,0.5,1.31818379242
144,0.5,1.31818379242
145,0.5,1.35298737468
146,0.5,1.35298737468
147,0.5,1.3018552253
148,0.5,1.3018552253
149,0.5,1.27890822356
150,0.5,1.27890822356
151,0.5,1.52918152106
152,0.5,1.52918152106
153,0.5,1.45251547652
154,0.5,1.45251547652
155,0.5,1.31943758069
156,0.5,1.31943758069
157,0.5,1.25043717674
158,0.5,1.25043717674
159,0.5,1.34268204896
160,0.5,1.34268204896
161,0.5,1.28203900458
162,0.5,1.28203900458
163,0.5,1.56164195738
164,0.5,1.56164195738
165,0.5,1.32116448738
166,0.5,1.32116448738
167,0.5,1.45497052128
168,0.5,1.45497052128
169,0.5,1.24055747184
170,0.5,1.24055747184
171,0.5,1.85737681117
172,0.5,1.85737681117
173,0.5,1.45276427736
174,0.5,1.45276427736
175,0.5,1.5805822829
176,0.5,1.5805822829
177,0.5,1.25128076327
178,0.5,1.25128076327
179,0.5,1.50274140615
180,0.5,1.50274140615
181,0.5,1.33190553616
182,0.5,1.33190553616
183,0.5,1.39635544137
184,0.5,1.39635544137
185,0.5,1.44085120322
186,0.5,1.44085120322
187,0.5,1.2940603626
188,0.5,1.2940603626
189,0.5,1.35389080964
190,0.5,1.35389080964
191,0.5,1.21658749782
192,0.5,1.21658749782
193,0.5,1.25825904358
194,0.5,1.25825904358
195,0.5,1.33784642129
196,0.5,1.33784642129
197,0.5,1.63181391825
198,0.5,1.63181391825
199,0.5,1.28492353466
200,0.5,1.28492353466
201,0.5,1.70214275801
202,0.5,1.70214275801
203,0.5,1.30519425185
204,0.5,1.30519425185
205,0.5,1.45788044881
206,0.5,1.45788044881
207,0.5,1.33856090279
208,0.5,1.33856090279
209,0.5,1.26336403124
210,0.5,1.26336403124
211,0.5,1.33740062753
212,0.5,1.33740062753
213,0.5,1.51233485479
214,0.5,1.51233485479
215,0.5,1.34143272611
216,0.5,1.34143272611
217,0.5,1.75991802579
218,0.5,1.75991802579
219,0.5,1.41285443688
220,0.5,1.41285443688
221,0.5,1.38575205701
222,0.5,1.38575205701
223,0.5,1.42350762207
224,0.5,1.42350762207
225,0.5,1.51807636553
226,0.5,1.51807636553
227,0.5,1.49109829112
228,0.5,1.49109829112
229,0.5,1.37346250257
230,0.5,1.37346250257
231,0.5,1.44203725536
232,0.5,1.44203725536
233,0.5,1.38060674288
234,0.5,1.38060674288
235,0.5,1.33946004047
236,0.5,1.33946004047
237,0.5,1.3725752442
238,0.5,1.3725752442
239,0.5,1.3488680441
240,0.5,1.3488680441
241,0.5,1.32335389931
242,0.5,1.32335389931
243,0.5,1.33494953295
244,0.5,1.33494953295
245,0.5,1.25441525211
246,0.5,1.25441525211
247,0.5,1.22834878272
248,0.5,1.22834878272
249,0.5,1.33458621692
250,0.5,1.33458621692
251,0.5,1.24678321859
252,0.5,1.24678321859
253,0.5,1.50702334099
254,0.5,1.50702334099
255,0.5,1.59058902313
256,0.5,1.59058902313
257,0.5,1.26822718681
258,0.5,1.26822718681
259,0.5,1.98245198031
260,0.5,1.98245198031
261,0.5,1.31562155431
262,0.5,1.31562155431
263,0.5,1.50522834938
264,0.5,1.50522834938
265,0.5,1.36912645788
266,0.5,1.36912645788
267,0.5,1.36834465311
268,0.5,1.36834465311
269,0.5,1.27900377009
270,0.5,1.27900377009
271,0.5,1.47679268128
272,0.5,1.47679268128
273,0.5,1.37465069766
274,0.5,1.37465069766
275,0.5,1.62342896648
276,0.5,1.62342896648
277,0.5,1.61045008414
278,0.5,1.61045008414
279,0.5,1.3550409628
280,0.5,1.3550409628
281,0.5,1.27821726809
282,0.5,1.27821726809
283,0.5,1.36263847712
284,0.5,1.36263847712
285,0.5,1.25525437578
286,0.5,1.25525437578
287,0.5,1.23866835622
288,0.5,1.23866835622
289,0.5,1.26001686439
290,0.5,1.26001686439
291,0.5,1.27322562131
292,0.5,1.27322562131
293,0.5,1.43005200138
294,0.5,1.43005200138
295,0.5,1.27800412649
296,0.5,1.27800412649
297,0.5,1.49047758128
298,0.5,1.49047758128
299,0.5,1.33869860278
300,0.5,1.33869860278
301,0.5,1.24111413011
302,0.5,1.24111413011
303,0.5,1.34208100758
304,0.5,1.34208100758
305,0.5,1.30046896082
306,0.5,1.30046896082
307,0.5,1.31902735367
308,0.5,1.31902735367
309,0.5,1.54048864972
310,0.5,1.54048864972
311,0.5,1.57981652315
312,0.5,1.57981652315
313,0.5,1.31208374061
314,0.5,1.31208374061
315,0.5,1.34883893803
316,0.5,1.34883893803
317,0.5,1.29130831861
318,0.5,1.29130831861
319,0.5,1.34278753509
320,0.5,1.34278753509
321,0.5,1.75005874593
322,0.5,1.75005874593
323,0.5,1.33570827431
324,0.5,1.33570827431
325,0.5,1.33564285869
326,0.5,1.33564285869
327,0.5,1.37205759429
328,0.5,1.37205759429
329,0.5,1.91246491554
330,0.5,1.91246491554
331,0.5,1.49830056488
332,0.5,1.49830056488
333,0.5,1.31281333954
334,0.5,1.31281333954
335,0.5,1.49732852209
336,0.5,1.49732852209
337,0.5,1.21922777761
338,0.5,1.21922777761
339,0.5,1.31900297538
340,0.5,1.31900297538
341,0.5,1.61201435119
342,0.5,1.61201435119
343,0.5,1.39928132559
344,0.5,1.39928132559
345,0.5,1.40703212695
346,0.5,1.40703212695
347,0.5,1.35327208506
348,0.5,1.35327208506
349,0.5,1.34210558003
350,0.5,1.34210558003
351,0.5,1.44858568435
352,0.5,1.44858568435
353,0.5,1.31826569166
354,0.5,1.31826569166
355,0.5,1.68955290576
356,0.5,1.68955290576
357,0.5,1.28706771585
358,0.5,1.28706771585
359,0.5,1.29646544677
360,0.5,1.29646544677
361,0.5,1.24155669541
362,0.5,1.24155669541
363,0.5,1.3603072073
364,0.5,1.3603072073
365,0.5,1.39790353722
366,0.5,1.39790353722
367,0.5,1.50694118966
368,0.5,1.50694118966
369,0.5,1.25949516384
370,0.5,1.25949516384
371,0.5,1.22886413475
372,0.5,1.22886413475
373,0.5,1.30820054183
374,0.5,1.30820054183
375,0.5,1.27611962288
376,0.5,1.27611962288
377,0.5,1.25596830006
378,0.5,1.25596830006
379,0.5,1.47589973152
380,0.5,1.47589973152
381,0.5,1.34028103746
382,0.5,1.34028103746
383,0.5,1.30202442161
384,0.5,1.30202442161
385,0.5,1.46123976647
386,0.5,1.46123976647
387,0.5,1.2615139782
388,0.5,1.2615139782
389,0.5,1.33100745501
390,0.5,1.33100745501
391,0.5,1.32713858638
392,0.5,1.32713858638
393,0.5,1.34147520648
394,0.5,1.34147520648
395,0.5,1.35188106356
396,0.5,1.35188106356
397,0.5,1.41799606808
398,0.5,1.41799606808
399,0.5,1.44341976757
400,0.5,1.44341976757
401,0.5,1.31355584447
402,0.5,1.31355584447
403,0.5,1.35068482576
404,0.5,1.35068482576
405,0.5,1.53194952678
406,0.5,1.53194952678
407,0.5,1.24637769654
408,0.5,1.24637769654
409,0.5,1.26064674889
410,0.5,1.26064674889
411,0.5,1.26968866319
412,0.5,1.26968866319
413,0.5,1.3203765365
414,0.5,1.3203765365
415,0.5,1.25797938928
416,0.5,1.25797938928
417,0.5,1.36387293729
418,0.5,1.36387293729
419,0.5,1.81414469201
420,0.5,1.81414469201
421,0.5,1.35512405028
422,0.5,1.35512405028
423,0.5,1.40740422789
424,0.5,1.40740422789
425,0.5,1.32424982202
426,0.5,1.32424982202
427,0.5,1.28878990228
428,0.5,1.28878990228
429,0.5,1.27090796041
430,0.5,1.27090796041
431,0.5,1.40538659267
432,0.5,1.40538659267
433,0.5,1.31999805627
434,0.5,1.31999805627
435,0.5,1.27041566313
436,0.5,1.27041566313
437,0.5,1.22830241752
438,0.5,1.22830241752
439,0.5,1.32002624317
440,0.5,1.32002624317
441,0.5,1.22549776627
442,0.5,1.22549776627
443,0.5,1.29061083133
444,0.5,1.29061083133
445,0.5,1.45414832831
446,0.5,1.45414832831
447,0.5,1.56588473683
448,0.5,1.56588473683
449,0.5,1.43057962721
450,0.5,1.43057962721
451,0.5,1.48905637757
452,0.5,1.48905637757
453,0.5,1.41093606177
454,0.5,1.41093606177
455,0.5,1.49148182981
456,0.5,1.49148182981
457,0.5,1.28021039209
458,0.5,1.28021039209
459,0.5,1.27441644486
460,0.5,1.27441644486
461,0.5,1.33071085096
462,0.5,1.33071085096
463,0.5,1.51898942719
464,0.5,1.51898942719
465,0.5,1.393105137
466,0.5,1.393105137
467,0.5,1.3782596031
468,0.5,1.3782596031
469,0.5,1.30920483858
470,0.5,1.30920483858
471,0.5,1.40300649826
472,0.5,1.40300649826
473,0.5,1.52807014962
474,0.5,1.52807014962
475,0.5,1.21641733609
476,0.5,1.21641733609
477,0.5,1.42350711836
478,0.5,1.42350711836
479,0.5,1.22104894672
480,0.5,1.22104894672
481,0.5,1.24329652158
482,0.5,1.24329652158
483,0.5,1.32009481905
484,0.5,1.32009481905
485,0.5,1.81424033828
486,0.5,1.81424033828
487,0.5,1.26623628011
488,0.5,1.26623628011
489,0.5,1.44032021991
490,0.5,1.44032021991
491,0.5,1.77938114532
492,0.5,1.77938114532
493,0.5,1.53450756903
494,0.5,1.53450756903
495,0.5,1.32622299547
496,0.5,1.32622299547
497,0.5,1.45740722711
498,0.5,1.45740722711
499,0.5,1.46405503499
500,0.5,1.46405503499
501,0.5,1.40945612458
502,0.5,1.40945612458
503,0.5,1.29113785184
504,0.5,1.29113785184
505,0.5,1.26148199712
506,0.5,1.26148199712
507,0.5,1.33185161777
508,0.5,1.33185161777
509,0.5,1.49569473377
510,0.5,1.49569473377
511,0.5,1.36422948655
512,0.5,1.36422948655
513,0.5,1.45462266123
514,0.5,1.45462266123
515,0.5,1.29553884951
516,0.5,1.29553884951
517,0.5,1.22220645293
518,0.5,1.22220645293
519,0.5,1.38534742809
520,0.5,1.38534742809
521,0.5,1.30425747182
522,0.5,1.30425747182
523,0.5,1.47420502547
524,0.5,1.47420502547
525,0.5,1.21535711376
526,0.5,1.21535711376
527,0.5,1.42142698065
528,0.5,1.42142698065
529,0.5,1.42331114091
530,0.5,1.42331114091
531,0.5,1.45630725488
532,0.5,1.45630725488
533,0.5,1.29117316249
534,0.5,1.29117316249
535,0.5,1.52622380619
536,0.5,1.52622380619
537,0.5,1.27187048012
538,0.5,1.27187048012
539,0.5,1.21069419001
540,0.5,1.21069419001
541,0.5,1.29263798759
542,0.5,1.29263798759
543,0.5,1.35110119954
544,0.5,1.35110119954
545,0.5,1.26910403865
546,0.5,1.26910403865
547,0.5,1.63136026951
548,0.5,1.63136026951
549,0.5,1.53084567036
550,0.5,1.53084567036
551,0.5,1.32656154929
552,0.5,1.32656154929
553,0.5,1.50762927295
554,0.5,1.50762927295
555,0.5,1.32332226484
556,0.5,1.32332226484
557,0.5,1.43402449303
558,0.5,1.43402449303
559,0.5,1.50598452243
560,0.5,1.50598452243
561,0.5,1.51718387339
562,0.5,1.51718387339
563,0.5,1.47732945943
564,0.5,1.47732945943
565,0.5,1.6240885123
566,0.5,1.6240885123
567,0.5,1.42431513199
568,0.5,1.42431513199
569,0.5,1.34449889592
570,0.5,1.34449889592
571,0.5,1.23500971003
572,0.5,1.23500971003
573,0.5,1.57750250177
574,0.5,1.57750250177
575,0.5,1.34123663196
576,0.5,1.34123663196
577,0.5,1.27140298421
578,0.5,1.27140298421
579,0.5,1.30543107062
580,0.5,1.30543107062
581,0.5,1.30923422866
582,0.5,1.30923422866
583,0.5,1.24223506026
584,0.5,1.24223506026
585,0.5,1.34987459446
586,0.5,1.34987459446
587,0.5,1.2627181597
588,0.5,1.2627181597
589,0.5,1.34186232845
590,0.5,1.34186232845
591,0.5,1.27634275734
592,0.5,1.27634275734
593,0.5,1.28983271996
594,0.5,1.28983271996
595,0.5,1.33178380695
596,0.5,1.33178380695
597,0.5,1.43570321883
598,0.5,1.43570321883
599,0.5,1.34757245566
600,0.5,1.34757245566
601,0.5,1.44873796436
602,0.5,1.44873796436
603,0.5,1.40559732337
604,0.5,1.40559732337
605,0.5,1.60794899072
606,0.5,1.60794899072
607,0.5,1.26899697422
608,0.5,1.26899697422
609,0.5,1.36378347468
610,0.5,1.36378347468
611,0.5,1.6625758142
612,0.5,1.6625758142
613,0.5,1.21790911109
614,0.5,1.21790911109
615,0.5,1.5522496708
616,0.5,1.5522496708
617,0.5,1.27023172723
618,0.5,1.27023172723
619,0.5,1.2579026131
620,0.5,1.2579026131
621,0.5,1.38677416958
622,0.5,1.38677416958
623,0.5,1.44102347017
624,0.5,1.44102347017
625,0.5,1.51612180308
626,0.5,1.51612180308
627,0.5,1.38945088873
628,0.5,1.38945088873
629,0.5,1.38384550497
630,0.5,1.38384550497
631,0.5,1.2885693747
632,0.5,1.2885693747
633,0.5,1.35266377404
634,0.5,1.35266377404
635,0.5,1.76046456081
636,0.5,1.76046456081
637,0.5,1.38363209316
638,0.5,1.38363209316
639,0.5,1.25774554717
640,0.5,1.25774554717
641,0.5,1.60469197526
642,0.5,1.60469197526
643,0.5,1.44089930473
644,0.5,1.44089930473
645,0.5,1.76329512358
646,0.5,1.76329512358
647,0.5,1.31243300398
648,0.5,1.31243300398
649,0.5,1.23980440477
650,0.5,1.23980440477
651,0.5,1.28761289367
652,0.5,1.28761289367
653,0.5,1.61674727515
654,0.5,1.61674727515
655,0.5,1.3787513784
656,0.5,1.3787513784
657,0.5,1.24896511836
658,0.5,1.24896511836
659,0.5,1.29420494814
660,0.5,1.29420494814
661,0.5,1.30162646972
662,0.5,1.30162646972
663,0.5,1.35685138448
664,0.5,1.35685138448
665,0.5,1.49287095343
666,0.5,1.49287095343
667,0.5,1.32975980698
668,0.5,1.32975980698
669,0.5,1.39459458094
670,0.5,1.39459458094
671,0.5,1.72042725053
672,0.5,1.72042725053
673,0.5,1.22726388838
674,0.5,1.22726388838
675,0.5,1.25401176703
676,0.5,1.25401176703
677,0.5,1.23612283001
678,0.5,1.23612283001
679,0.5,1.52827511691
680,0.5,1.52827511691
681,0.5,1.34303757221
682,0.5,1.34303757221
683,0.5,1.83691048921
684,0.5,1.83691048921
685,0.5,1.40720028026
686,0.5,1.40720028026
687,0.5,1.29935203725
688,0.5,1.29935203725
689,0.5,1.312284845
690,0.5,1.312284845
691,0.5,1.44465331878
692,0.5,1.44465331878
693,0.5,1.2841251649
694,0.5,1.2841251649
695,0.5,1.34773838526
696,0.5,1.34773838526
697,0.5,1.369341713
698,0.5,1.369341713
699,0.5,1.69964125126
700,0.5,1.69964125126
701,0.5,1.70521524096
702,0.5,1.70521524096
703,0.5,1.35678556924
704,0.5,1.35678556924
705,0.5,1.48939098179
706,0.5,1.48939098179
707,0.5,1.42016820448
708,0.5,1.42016820448
709,0.5,1.31204115764
710,0.5,1.31204115764
711,0.5,1.22362146275
712,0.5,1.22362146275
713,0.5,1.3380484095
714,0.5,1.3380484095
715,0.5,1.22716540432
716,0.5,1.22716540432
717,0.5,1.33313999277
718,0.5,1.33313999277
719,0.5,1.4746469006
720,0.5,1.4746469006
721,0.5,1.27795503942
722,0.5,1.27795503942
723,0.5,1.32967587542
724,0.5,1.32967587542
725,0.5,1.3737221731
726,0.5,1.3737221731
727,0.5,1.25603656209
728,0.5,1.25603656209
729,0.5,1.47633018848
730,0.5,1.47633018848
731,0.5,1.40908100451
732,0.5,1.40908100451
733,0.5,1.4851155295
734,0.5,1.4851155295
735,0.5,1.4861654677
736,0.5,1.4861654677
737,0.5,1.37417633521
738,0.5,1.37417633521
739,0.5,1.42317873354
740,0.5,1.42317873354
741,0.5,1.44629409949
742,0.5,1.44629409949
743,0.5,1.42906138225
744,0.5,1.42906138225
745,0.5,1.51849374862
746,0.5,1.51849374862
747,0.5,1.25249620582
748,0.5,1.25249620582
749,0.5,1.27622439553
750,0.5,1.27622439553
751,0.5,1.39313847638
752,0.5,1.39313847638
753,0.5,1.42534271015
754,0.5,1.42534271015
755,0.5,1.50420992589
756,0.5,1.50420992589
757,0.5,1.33701439445
758,0.5,1.33701439445
759,0.5,1.28793379785
760,0.5,1.28793379785
761,0.5,1.27864326719
762,0.5,1.27864326719
763,0.5,1.77074505724
764,0.5,1.77074505724
765,0.5,1.32733045941
766,0.5,1.32733045941
767,0.5,1.67734060932
768,0.5,1.67734060932
769,0.5,1.36851218295
770,0.5,1.36851218295
771,0.5,1.4831134243
772,0.5,1.4831134243
773,0.5,1.2903240229
774,0.5,1.2903240229
775,0.5,1.32511593562
776,0.5,1.32511593562
777,0.5,1.40920437014
778,0.5,1.40920437014
779,0.5,1.24538345584
780,0.5,1.24538345584
781,0.5,1.40411941745
782,0.5,1.40411941745
783,0.5,1.43667270457
784,0.5,1.43667270457
785,0.5,1.30011241615
786,0.5,1.30011241615
787,0.5,1.46000203845
788,0.5,1.46000203845
789,0.5,1.2345189141
790,0.5,1.2345189141
791,0.5,1.45400508019
792,0.5,1.45400508019
793,0.5,1.43866044481
794,0.5,1.43866044481
795,0.5,1.53043222886
796,0.5,1.53043222886
797,0.5,1.37654282304
798,0.5,1.37654282304
799,0.5,1.46642435232
800,0.5,1.46642435232
801,0.5,1.68492440978
802,0.5,1.68492440978
803,0.5,1.73420363363
804,0.5,1.73420363363
805,0.5,1.23787299311
806,0.5,1.23787299311
807,0.5,1.25085848593
808,0.5,1.25085848593
809,0.5,1.37935141886
810,0.5,1.37935141886
811,0.5,1.27600995908
812,0.5,1.27600995908
813,0.5,1.32699396415
814,0.5,1.32699396415
815,0.5,1.40030197305
816,0.5,1.40030197305
817,0.5,1.27540721938
818,0.5,1.27540721938
819,0.5,1.28168678729
820,0.5,1.28168678729
821,0.5,1.30053679
822,0.5,1.30053679
823,0.5,1.33648991052
824,0.5,1.33648991052
825,0.5,1.42228603694
826,0.5,1.42228603694
827,0.5,1.28702145247
828,0.5,1.28702145247
829,0.5,1.29491252587
830,0.5,1.29491252587
831,0.5,1.28023352923
832,0.5,1.28023352923
833,0.5,1.35978549206
834,0.5,1.35978549206
835,0.5,1.28947645444
836,0.5,1.28947645444
837,0.5,1.23993178136
838,0.5,1.23993178136
839,0.5,1.42712345301
840,0.5,1.42712345301
841,0.5,1.42738226894
842,0.5,1.42738226894
843,0.5,1.30430602648
844,0.5,1.30430602648
845,0.5,1.26156647556
846,0.5,1.26156647556
847,0.5,1.40014158537
848,0.5,1.40014158537
849,0.5,1.29614452839
850,0.5,1.29614452839
851,0.5,1.55428101164
852,0.5,1.55428101164
853,0.5,1.28137629996
854,0.5,1.28137629996
855,0.5,1.61660198641
856,0.5,1.61660198641
857,0.5,1.24849689064
858,0.5,1.24849689064
859,0.5,1.74561149459
860,0.5,1.74561149459
861,0.5,1.44698553925
862,0.5,1.44698553925
863,0.5,1.26162237899
864,0.5,1.26162237899
865,0.5,1.35977285666
866,0.5,1.35977285666
867,0.5,1.30872462682
868,0.5,1.30872462682
869,0.5,1.46572064821
870,0.5,1.46572064821
871,0.5,1.51682647814
872,0.5,1.51682647814
873,0.5,1.57827035172
874,0.5,1.57827035172
875,0.5,1.30850796567
876,0.5,1.30850796567
877,0.5,1.44030310149
878,0.5,1.44030310149
879,0.5,1.64144979814
880,0.5,1.64144979814
881,0.5,1.32302299945
882,0.5,1.32302299945
883,0.5,1.31200324658
884,0.5,1.31200324658
885,0.5,1.39892377672
886,0.5,1.39892377672
887,0.5,1.37051253396
888,0.5,1.37051253396
889,0.5,1.31908000964
890,0.5,1.31908000964
891,0.5,1.32194890547
892,0.5,1.32194890547
893,0.5,1.45616147324
894,0.5,1.45616147324
895,0.5,1.3807486729
896,0.5,1.3807486729
897,0.5,1.38374415672
898,0.5,1.38374415672
899,0.5,1.38096998294
900,0.5,1.38096998294
901,0.5,1.28966572044
902,0.5,1.28966572044
903,0.5,1.32217749102
904,0.5,1.32217749102
905,0.5,1.32189406271
906,0.5,1.32189406271
907,0.5,1.80528360104
908,0.5,1.80528360104
909,0.5,1.33201791624
910,0.5,1.33201791624
911,0.5,1.33074921706
912,0.5,1.33074921706
913,0.5,1.7032938427
914,0.5,1.7032938427
915,0.5,1.59980037761
916,0.5,1.59980037761
917,0.5,1.31161417258
918,0.5,1.31161417258
919,0.5,1.2453379893
920,0.5,1.2453379893
921,0.5,1.36590393177
922,0.5,1.36590393177
923,0.5,1.33300674126
924,0.5,1.33300674126
925,0.5,1.31523130869
926,0.5,1.31523130869
927,0.5,1.27148143464
928,0.5,1.27148143464
929,0.5,1.30717066317
930,0.5,1.30717066317
931,0.5,1.38764870096
932,0.5,1.38764870096
933,0.5,1.49921854488
934,0.5,1.49921854488
935,0.5,1.2815193348
936,0.5,1.2815193348
937,0.5,1.31729856413
938,0.5,1.31729856413
939,0.5,1.51545071814
940,0.5,1.51545071814
941,0.5,1.38785804365
942,0.5,1.38785804365
943,0.5,1.48885932693
944,0.5,1.48885932693
945,0.5,1.6792230329
946,0.5,1.6792230329
947,0.5,1.44286101908
948,0.5,1.44286101908
949,0.5,1.33951472661
950,0.5,1.33951472661
951,0.5,1.38952319284
952,0.5,1.38952319284
953,0.5,1.26785529582
954,0.5,1.26785529582
955,0.5,1.39246251002
956,0.5,1.39246251002
957,0.5,1.2438653409
958,0.5,1.2438653409
959,0.5,1.38296933311
960,0.5,1.38296933311
961,0.5,1.55124502893
962,0.5,1.55124502893
963,0.5,1.39122566377
964,0.5,1.39122566377
965,0.5,1.25402291262
966,0.5,1.25402291262
967,0.5,1.22470095793
968,0.5,1.22470095793
969,0.5,1.38954164521
970,0.5,1.38954164521
971,0.5,1.34894848271
972,0.5,1.34894848271
973,0.5,1.29059778944
974,0.5,1.29059778944
975,0.5,1.39937847258
976,0.5,1.39937847258
977,0.5,1.30122271965
978,0.5,1.30122271965
979,0.5,1.35045926003
980,0.5,1.35045926003
981,0.5,1.32373974752
982,0.5,1.32373974752
983,0.5,1.4160227722
984,0.5,1.4160227722
985,0.5,1.33990056984
986,0.5,1.33990056984
987,0.5,1.46648882069
988,0.5,1.46648882069
989,0.5,1.34907899616
990,0.5,1.34907899616
991,0.5,1.27961675341
992,0.5,1.27961675341
993,0.5,1.37141382843
994,0.5,1.37141382843
995,0.5,1.33290018337
996,0.5,1.33290018337
997,0.5,1.36907437267
998,0.5,1.36907437267
999,0.5,1.4131923892
1000,0.5,1.4131923892
1001,0.5,1.26138755543
1002,0.5,1.26138755543
1003,0.5,1.3609801761
1004,0.5,1.3609801761
1005,0.5,1.43370615164
1006,0.5,1.43370615164
1007,0.5,1.28285386721
1008,0.5,1.28285386721
1009,0.5,1.32370843754
1010,0.5,1.32370843754
1011,0.5,1.41529592398
1012,0.5,1.41529592398
1013,0.5,1.49708194288
1014,0.5,1.49708194288
1015,0.5,1.53340840696
1016,0.5,1.53340840696
1017,0.5,1.25480947388
1018,0.5,1.25480947388
1019,0.5,1.23693987689
1020,0.5,1.23693987689
1021,0.5,1.60477823015
1022,0.5,1.60477823015
1023,0.5,1.7755939482
1024,0.5,1.7755939482
1025,0.5,1.45731351733
1026,0.5,1.45731351733
1027,0.5,1.59284072376
1028,0.5,1.59284072376
1029,0.5,1.36950898024
1030,0.5,1.36950898024
1031,0.5,1.3972123002
1032,0.5,1.3972123002
1033,0.5,1.43676512432
1034,0.5,1.43676512432
1035,0.5,1.51392653824
1036,0.5,1.51392653824
1037,0.5,1.29755800284
1038,0.5,1.29755800284
1039,0.5,1.57996891473
1040,0.5,1.57996891473
1041,0.5,1.36062731309
1042,0.5,1.36062731309
1043,0.5,1.47517131788
1044,0.5,1.47517131788
1045,0.5,1.39048205255
1046,0.5,1.39048205255
1047,0.5,1.31168712947
1048,0.5,1.31168712947
1049,0.5,1.36580926564
1050,0.5,1.36580926564
1051,0.5,1.57270254654
1052,0.5,1.57270254654
1053,0.5,1.24932933
1054,0.5,1.24932933
1055,0.5,1.87065000806
1056,0.5,1.87065000806
1057,0.5,1.35634990247
1058,0.5,1.35634990247
1059,0.5,1.34126233269
1060,0.5,1.34126233269
1061,0.5,1.3122511663
1062,0.5,1.3122511663
1063,0.5,1.37876919816
1064,0.5,1.37876919816
1065,0.5,1.6475506067
1066,0.5,1.6475506067
1067,0.5,1.29415860037
1068,0.5,1.29415860037
1069,0.5,1.58510658189
1070,0.5,1.58510658189
1071,0.5,1.2985914246
1072,0.5,1.2985914246
1073,0.5,1.45985150758
1074,0.5,1.45985150758
1075,0.5,1.40922037344
1076,0.5,1.40922037344
1077,0.5,1.50589747396
1078,0.5,1.50589747396
1079,0.5,1.77257877684
1080,0.5,1.77257877684
1081,0.5,1.91569098271
1082,0.5,1.91569098271
1083,0.5,1.2744471492
1084,0.5,1.2744471492
1085,0.5,1.32791813448
1086,0.5,1.32791813448
1087,0.5,1.32579878357
1088,0.5,1.32579878357
1089,0.5,1.45319094563
1090,0.5,1.45319094563
1091,0.5,1.31560083168
1092,0.5,1.31560083168
1093,0.5,1.3954795092
1094,0.5,1.3954795092
1095,0.5,1.54968420116
1096,0.5,1.54968420116
1097,0.5,1.35915067924
1098,0.5,1.35915067924
1099,0.5,1.41082989616
1100,0.5,1.41082989616
1101,0.5,1.38909816901
1102,0.5,1.38909816901
1103,0.5,1.33460810629
1104,0.5,1.33460810629
1105,0.5,1.32002046656
1106,0.5,1.32002046656
1107,0.5,1.27778785893
1108,0.5,1.27778785893
1109,0.5,1.67679565618
1110,0.5,1.67679565618
1111,0.5,1.34022471276
1112,0.5,1.34022471276
1113,0.5,1.26818086418
1114,0.5,1.26818086418
1115,0.5,1.35673944964
1116,0.5,1.35673944964
1117,0.5,1.37212039864
1118,0.5,1.37212039864
1119,0.5,1.32907301533
1120,0.5,1.32907301533
1121,0.5,1.37270202366
1122,0.5,1.37270202366
1123,0.5,1.39131002139
1124,0.5,1.39131002139
1125,0.5,1.40829499613
1126,0.5,1.40829499613
1127,0.5,1.2512686289
1128,0.5,1.2512686289
1129,0.5,1.72235346285
1130,0.5,1.72235346285
1131,0.5,1.38954324188
1132,0.5,1.38954324188
1133,0.5,1.37060981508
1134,0.5,1.37060981508
1135,0.5,1.35419343768
1136,0.5,1.35419343768
1137,0.5,1.28476543427
1138,0.5,1.28476543427
1139,0.5,1.48433758233
1140,0.5,1.48433758233
1141,0.5,1.28922355548
1142,0.5,1.28922355548
1143,0.5,1.51848124991
1144,0.5,1.51848124991
1145,0.5,1.27955911453
1146,0.5,1.27955911453
1147,0.5,1.43181795315
1148,0.5,1.43181795315
1149,0.5,1.24831348269
1150,0.5,1.24831348269
1151,0.5,1.34217350654
1152,0.5,1.34217350654
1153,0.5,1.33997559632
1154,0.5,1.33997559632
1155,0.5,1.38969334833
1156,0.5,1.38969334833
1157,0.5,1.56825714519
1158,0.5,1.56825714519
1159,0.5,1.30880254502
1160,0.5,1.30880254502
1161,0.5,1.3729095645
1162,0.5,1.3729095645
1163,0.5,1.37313062016
1164,0.5,1.37313062016
1165,0.5,1.47529329406
1166,0.5,1.47529329406
1167,0.5,1.24842364352
1168,0.5,1.24842364352
1169,0.5,1.24348213464
1170,0.5,1.24348213464
1171,0.5,1.24184901617
1172,0.5,1.24184901617
1173,0.5,1.3421601705
1174,0.5,1.3421601705
1175,0.5,1.32865624821
1176,0.5,1.32865624821
1177,0.5,1.73687607354
1178,0.5,1.73687607354
1179,0.5,1.29623533361
1180,0.5,1.29623533361
1181,0.5,1.76003165129
1182,0.5,1.76003165129
1183,0.5,1.23758912552
1184,0.5,1.23758912552
1185,0.5,1.28383776126
1186,0.5,1.28383776126
1187,0.5,1.36432505791
1188,0.5,1.36432505791
1189,0.5,1.58608672779
1190,0.5,1.58608672779
1191,0.5,1.38849149651
1192,0.5,1.38849149651
1193,0.5,1.29064864072
1194,0.5,1.29064864072
1195,0.5,1.53667489066
1196,0.5,1.53667489066
1197,0.5,1.46708091473
1198,0.5,1.46708091473
1199,0.5,1.37847347341
1200,0.5,1.37847347341
1201,0.5,1.36281511003
1202,0.5,1.36281511003
1203,0.5,1.68496775591
1204,0.5,1.68496775591
1205,0.5,1.31156920869
1206,0.5,1.31156920869
1207,0.5,1.45804941778
1208,0.5,1.45804941778
1209,0.5,1.26409463025
1210,0.5,1.26409463025
1211,0.5,1.45337527916
1212,0.5,1.45337527916
1213,0.5,1.25179929354
1214,0.5,1.25179929354
1215,0.5,1.27352808693
1216,0.5,1.27352808693
1217,0.5,1.48600962875
1218,0.5,1.48600962875
1219,0.5,1.29780683164
1220,0.5,1.29780683164
1221,0.5,1.55252916608
1222,0.5,1.55252916608
1223,0.5,1.20935351828
1224,0.5,1.20935351828
1225,0.5,1.24813527459
1226,0.5,1.24813527459
1227,0.5,1.29323095031
1228,0.5,1.29323095031
1229,0.5,1.28378463672
1230,0.5,1.28378463672
1231,0.5,1.31902861422
1232,0.5,1.31902861422
1233,0.5,1.22499946925
1234,0.5,1.22499946925
1235,0.5,1.80082343605
1236,0.5,1.80082343605
1237,0.5,1.29306480977
1238,0.5,1.29306480977
1239,0.5,1.36989693767
1240,0.5,1.36989693767
1241,0.5,1.32197573389
1242,0.5,1.32197573389
1243,0.5,1.32623575418
1244,0.5,1.32623575418
1245,0.5,1.68204653866
1246,0.5,1.68204653866
1247,0.5,1.27690771433
1248,0.5,1.27690771433
1249,0.5,1.28972548569
1250,0.5,1.28972548569
1251,0.5,1.33235489503
1252,0.5,1.33235489503
1253,0.5,1.47101154555
1254,0.5,1.47101154555
1255,0.5,1.27234023765
1256,0.5,1.27234023765
1257,0.5,1.26784147669
1258,0.5,1.26784147669
1259,0.5,1.375095171
1260,0.5,1.375095171
1261,0.5,1.40631301842
1262,0.5,1.40631301842
1263,0.5,1.36170534042
1264,0.5,1.36170534042
1265,0.5,1.35831009639
1266,0.5,1.35831009639
1267,0.5,1.22111324786
1268,0.5,1.22111324786
1269,0.5,1.49808323279
1270,0.5,1.49808323279
1271,0.5,1.34233601432
1272,0.5,1.34233601432
1273,0.5,1.24853497738
1274,0.5,1.24853497738
1275,0.5,1.25278116729
1276,0.5,1.25278116729
1277,0.5,1.26156438845
1278,0.5,1.26156438845
1279,0.5,1.32659759319
1280,0.5,1.32659759319
1281,0.5,1.37711392543
1282,0.5,1.37711392543
1283,0.5,1.41945958336
1284,0.5,1.41945958336
1285,0.5,1.33780591737
1286,0.5,1.33780591737
1287,0.5,1.5736902732
1288,0.5,1.5736902732
1289,0.5,1.46080946711
1290,0.5,1.46080946711
1291,0.5,1.31837788129
1292,0.5,1.31837788129
1293,0.5,1.71469996998
1294,0.5,1.71469996998
1295,0.5,1.45560949224
1296,0.5,1.45560949224
1297,0.5,1.44621100727
1298,0.5,1.44621100727
1299,0.5,1.34016424275
1300,0.5,1.34016424275
1301,0.5,1.41645312762
1302,0.5,1.41645312762
1303,0.5,1.59503016084
1304,0.5,1.59503016084
1305,0.5,1.43902129718
1306,0.5,1.43902129718
1307,0.5,1.39838337664
1308,0.5,1.39838337664
1309,0.5,1.39102817032
1310,0.5,1.39102817032
1311,0.5,1.24144438116
1312,0.5,1.24144438116
1313,0.5,1.55287855381
1314,0.5,1.55287855381
1315,0.5,1.36807674578
1316,0.5,1.36807674578
1317,0.5,1.2406279
1318,0.5,1.2406279
1319,0.5,1.57511032603
1320,0.5,1.57511032603
1321,0.5,1.41616520998
1322,0.5,1.41616520998
1323,0.5,1.24960037966
1324,0.5,1.24960037966
1325,0.5,1.27214293437
1326,0.5,1.27214293437
1327,0.5,1.35126609457
1328,0.5,1.35126609457
1329,0.5,1.24516752497
1330,0.5,1.24516752497
1331,0.5,1.44613578654
1332,0.5,1.44613578654
1333,0.5,1.32036899419
1334,0.5,1.32036899419
1335,0.5,1.32855221666
1336,0.5,1.32855221666
1337,0.5,1.35786196911
1338,0.5,1.35786196911
1339,0.5,1.31870691186
1340,0.5,1.31870691186
1341,0.5,1.70396442147
1342,0.5,1.70396442147
1343,0.5,1.33099103849
1344,0.5,1.33099103849
1345,0.5,1.27308936304
1346,0.5,1.27308936304
1347,0.5,1.58721088948
1348,0.5,1.58721088948
1349,0.5,1.47485596516
1350,0.5,1.47485596516
1351,0.5,1.36659141701
1352,0.5,1.36659141701
1353,0.5,1.61152831913
1354,0.5,1.61152831913
1355,0.5,1.39255612144
1356,0.5,1.39255612144
1357,0.5,1.25442474678
1358,0.5,1.25442474678
1359,0.5,1.40897949975
1360,0.5,1.40897949975
1361,0.5,1.23682491546
1362,0.5,1.23682491546
1363,0.5,1.2979701283
1364,0.5,1.2979701283
1365,0.5,1.50149452665
1366,0.5,1.50149452665
1367,0.5,1.36348866992
1368,0.5,1.36348866992
1369,0.5,1.32866341649
1370,0.5,1.32866341649
1371,0.5,1.58222240486
1372,0.5,1.58222240486
1373,0.5,1.35789409308
1374,0.5,1.35789409308
1375,0.5,1.23760747894
1376,0.5,1.23760747894
1377,0.5,1.46348500304
1378,0.5,1.46348500304
1379,0.5,1.911897546
1380,0.5,1.911897546
1381,0.5,1.30584424413
1382,0.5,1.30584424413
1383,0.5,1.31347235526
1384,0.5,1.31347235526
1385,0.5,1.27391269743
1386,0.5,1.27391269743
1387,0.5,1.31747424293
1388,0.5,1.31747424293
1389,0.5,1.58235161419
1390,0.5,1.58235161419
1391,0.5,1.25793308838
1392,0.5,1.25793308838
1393,0.5,1.57643297271
1394,0.5,1.57643297271
1395,0.5,1.41758968282
1396,0.5,1.41758968282
1397,0.5,1.2531953922
1398,0.5,1.2531953922
1399,0.5,1.24765055998
1400,0.5,1.24765055998
1401,0.5,1.61709840891
1402,0.5,1.61709840891
1403,0.5,1.54586233245
1404,0.5,1.54586233245
1405,0.5,1.32054227987
1406,0.5,1.32054227987
1407,0.5,1.28055096362
1408,0.5,1.28055096362
1409,0.5,1.33622015646
1410,0.5,1.33622015646
1411,0.5,1.35401167699
1412,0.5,1.35401167699
1413,0.5,1.22040072377
1414,0.5,1.22040072377
1415,0.5,1.24978984415
1416,0.5,1.24978984415
1417,0.5,1.37189951433
1418,0.5,1.37189951433
1419,0.5,1.25556871236
1420,0.5,1.25556871236
1421,0.5,1.36842722514
1422,0.5,1.36842722514
1423,0.5,1.24672062455
1424,0.5,1.24672062455
1425,0.5,1.44943301105
1426,0.5,1.44943301105
1427,0.5,1.40684089477
1428,0.5,1.40684089477
1429,0.5,1.24679173885
1430,0.5,1.24679173885
1431,0.5,1.41123594623
1432,0.5,1.41123594623
1433,0.5,1.31578434845
1434,0.5,1.31578434845
1435,0.5,1.27451278695
1436,0.5,1.27451278695
1437,0.5,1.25426615673
1438,0.5,1.25426615673
1439,0.5,1.43413772671
1440,0.5,1.43413772671
1441,0.5,1.22999700006
1442,0.5,1.22999700006
1443,0.5,1.37877352839
1444,0.5,1.37877352839
1445,0.5,1.38284143412
1446,0.5,1.38284143412
1447,0.5,1.3940816476
1448,0.5,1.3940816476
1449,0.5,1.38290187282
1450,0.5,1.38290187282
1451,0.5,1.36226734526
1452,0.5,1.36226734526
1453,0.5,1.29940596455
1454,0.5,1.29940596455
1455,0.5,1.32103636537
1456,0.5,1.32103636537
1457,0.5,1.5573696209
1458,0.5,1.5573696209
1459,0.5,1.25885210845
1460,0.5,1.25885210845
1461,0.5,1.36077781265
1462,0.5,1.36077781265
1463,0.5,1.25694858007
1464,0.5,1.25694858007
1465,0.5,1.53003946924
1466,0.5,1.53003946924
1467,0.5,1.519413208
1468,0.5,1.519413208
1469,0.5,1.46914632516
1470,0.5,1.46914632516
1471,0.5,1.7083811655
1472,0.5,1.7083811655
1473,0.5,1.28055992976
1474,0.5,1.28055992976
1475,0.5,1.31329815912
1476,0.5,1.31329815912
1477,0.5,1.67841230876
1478,0.5,1.67841230876
1479,0.5,1.44372045921
1480,0.5,1.44372045921
1481,0.5,1.2848930172
1482,0.5,1.2848930172
1483,0.5,1.41557498348
1484,0.5,1.41557498348
1485,0.5,1.53262077419
1486,0.5,1.53262077419
1487,0.5,1.51234293656
1488,0.5,1.51234293656
1489,0.5,1.41909690286
1490,0.5,1.41909690286
1491,0.5,1.20484071766
1492,0.5,1.20484071766
1493,0.5,1.50832794856
1494,0.5,1.50832794856
1495,0.5,1.24269221431
1496,0.5,1.24269221431
1497,0.5,1.53192992494
1498,0.5,1.53192992494
1499,0.5,1.27292215021
1500,0.5,1.27292215021
1501,0.5,1.568928975
1502,0.5,1.568928975
1503,0.5,1.28819762634
1504,0.5,1.28819762634
1505,0.5,1.23831494071
1506,0.5,1.23831494071
1507,0.5,1.49666942923
1508,0.5,1.49666942923
1509,0.5,1.40677052942
1510,0.5,1.40677052942
1511,0.5,1.47198144158
1512,0.5,1.47198144158
1513,0.5,1.34823257771
1514,0.5,1.34823257771
1515,0.5,1.26458476341
1516,0.5,1.26458476341
1517,0.5,1.33198359843
1518,0.5,1.33198359843
1519,0.5,1.49372987784
1520,0.5,1.49372987784
1521,0.5,1.40490007584
1522,0.5,1.40490007584
1523,0.5,1.55032329957
1524,0.5,1.55032329957
1525,0.5,1.5218147323
1526,0.5,1.5218147323
1527,0.5,1.77259918797
1528,0.5,1.77259918797
1529,0.5,1.2163057789
1530,0.5,1.2163057789
1531,0.5,1.34977859758
1532,0.5,1.34977859758
1533,0.5,1.45284564885
1534,0.5,1.45284564885
1535,0.5,1.4867424398
1536,0.5,1.4867424398
1537,0.5,1.49063899354
1538,0.5,1.49063899354
1539,0.5,1.27644164705
1540,0.5,1.27644164705
1541,0.5,1.45377239641
1542,0.5,1.45377239641
1543,0.5,1.26930646653
1544,0.5,1.26930646653
1545,0.5,1.76479733625
1546,0.5,1.76479733625
1547,0.5,1.38595770811
1548,0.5,1.38595770811
1549,0.5,1.35644983767
1550,0.5,1.35644983767
1551,0.5,1.3464390925
1552,0.5,1.3464390925
1553,0.5,1.64246415925
1554,0.5,1.64246415925
1555,0.5,1.26767737173
1556,0.5,1.26767737173
1557,0.5,1.36916936162
1558,0.5,1.36916936162
1559,0.5,1.51940869934
1560,0.5,1.51940869934
1561,0.5,1.49280681445
1562,0.5,1.49280681445
1563,0.5,1.50362070131
1564,0.5,1.50362070131
1565,0.5,1.29626833417
1566,0.5,1.29626833417
1567,0.5,1.4969215455
1568,0.5,1.4969215455
1569,0.5,1.37647338774
1570,0.5,1.37647338774
1571,0.5,1.48507120847
1572,0.5,1.48507120847
1573,0.5,1.21275353501
1574,0.5,1.21275353501
1575,0.5,1.3373443304
1576,0.5,1.3373443304
1577,0.5,1.22963478395
1578,0.5,1.22963478395
1579,0.5,1.35780016206
1580,0.5,1.35780016206
1581,0.5,1.27591607823
1582,0.5,1.27591607823
1583,0.5,1.30859103673
1584,0.5,1.30859103673
1585,0.5,1.44763214846
1586,0.5,1.44763214846
1587,0.5,1.39773888696
1588,0.5,1.39773888696
1589,0.5,1.27139300086
1590,0.5,1.27139300086
1591,0.5,1.44961544108
1592,0.5,1.44961544108
1593,0.5,1.24152931889
1594,0.5,1.24152931889
1595,0.5,1.4414611656
1596,0.5,1.4414611656
1597,0.5,1.28244611774
1598,0.5,1.28244611774
1599,0.5,1.23762047402
1600,0.5,1.23762047402
1601,0.5,1.26213531915
1602,0.5,1.26213531915
1603,0.5,1.40831718026
1604,0.5,1.40831718026
1605,0.5,1.45936435615
1606,0.5,1.45936435615
1607,0.5,1.30272282643
1608,0.5,1.30272282643
1609,0.5,1.350163512
1610,0.5,1.350163512
1611,0.5,1.23746629965
1612,0.5,1.23746629965
1613,0.5,1.58636617519
1614,0.5,1.58636617519
1615,0.5,1.39406710367
1616,0.5,1.39406710367
1617,0.5,1.27841968552
1618,0.5,1.27841968552
1619,0.5,1.33243892629
1620,0.5,1.33243892629
1621,0.5,1.58125137527
1622,0.5,1.58125137527
1623,0.5,1.29267091687
1624,0.5,1.29267091687
1625,0.5,1.33962514125
1626,0.5,1.33962514125
1627,0.5,1.35415328423
1628,0.5,1.35415328423
1629,0.5,1.32431730443
1630,0.5,1.32431730443
1631,0.5,1.62208745438
1632,0.5,1.62208745438
1633,0.5,1.3405336717
1634,0.5,1.3405336717
1635,0.5,1.2666067811
1636,0.5,1.2666067811
1637,0.5,1.24032134816
1638,0.5,1.24032134816
1639,0.5,1.39137520951
1640,0.5,1.39137520951
1641,0.5,1.355577265
1642,0.5,1.355577265
1643,0.5,1.25155048523
1644,0.5,1.25155048523
1645,0.5,1.55371419248
1646,0.5,1.55371419248
1647,0.5,1.32355869742
1648,0.5,1.32355869742
1649,0.5,1.22241473062
1650,0.5,1.22241473062
1651,0.5,1.36096443901
1652,0.5,1.36096443901
1653,0.5,1.27848954073
1654,0.5,1.27848954073
1655,0.5,1.20985865106
1656,0.5,1.20985865106
1657,0.5,1.35009199925
1658,0.5,1.35009199925
1659,0.5,1.28387896399
1660,0.5,1.28387896399
1661,0.5,1.52991812891
1662,0.5,1.52991812891
1663,0.5,1.62710792102
1664,0.5,1.62710792102
1665,0.5,1.49144329653
1666,0.5,1.49144329653
1667,0.5,1.2653849675
1668,0.5,1.2653849675
1669,0.5,1.30476282055
1670,0.5,1.30476282055
1671,0.5,1.29605595623
1672,0.5,1.29605595623
1673,0.5,1.33207669471
1674,0.5,1.33207669471
1675,0.5,1.24888634999
1676,0.5,1.24888634999
1677,0.5,1.4198428085
1678,0.5,1.4198428085
1679,0.5,1.33679643871
1680,0.5,1.33679643871
1681,0.5,1.26833002077
1682,0.5,1.26833002077
1683,0.5,1.28842862204
1684,0.5,1.28842862204
1685,0.5,1.35970450055
1686,0.5,1.35970450055
1687,0.5,1.28248512381
1688,0.5,1.28248512381
1689,0.5,1.32911672702
1690,0.5,1.32911672702
1691,0.5,1.344849573
1692,0.5,1.344849573
1693,0.5,1.42248963036
1694,0.5,1.42248963036
1695,0.5,1.4150099168
1696,0.5,1.4150099168
1697,0.5,1.33983942785
1698,0.5,1.33983942785
1699,0.5,1.60856894139
1700,0.5,1.60856894139
1701,0.5,1.30347889815
1702,0.5,1.30347889815
1703,0.5,1.30795771458
1704,0.5,1.30795771458
1705,0.5,1.28806683006
1706,0.5,1.28806683006
1707,0.5,1.65987684888
1708,0.5,1.65987684888
1709,0.5,1.73983401065
1710,0.5,1.73983401065
1711,0.5,1.21742023021
1712,0.5,1.21742023021
1713,0.5,1.31960753585
1714,0.5,1.31960753585
1715,0.5,1.22138931926
1716,0.5,1.22138931926
1717,0.5,1.46272303504
1718,0.5,1.46272303504
1719,0.5,1.31527721057
1720,0.5,1.31527721057
1721,0.5,1.4431745891
1722,0.5,1.4431745891
1723,0.5,1.26058914868
1724,0.5,1.26058914868
1725,0.5,1.42808863352
1726,0.5,1.42808863352
1727,0.5,1.43633923742
1728,0.5,1.43633923742
1729,0.5,1.25983786015
1730,0.5,1.25983786015
1731,0.5,1.38861311558
1732,0.5,1.38861311558
1733,0.5,1.2711222171
1734,0.5,1.2711222171
1735,0.5,1.43765333205
1736,0.5,1.43765333205
1737,0.5,1.43517842258
1738,0.5,1.43517842258
1739,0.5,1.36420713555
1740,0.5,1.36420713555
1741,0.5,1.28139305429
1742,0.5,1.28139305429
1743,0.5,1.30261876636
1744,0.5,1.30261876636
1745,0.5,1.45282340263
1746,0.5,1.45282340263
1747,0.5,1.64045776236
1748,0.5,1.64045776236
1749,0.5,1.32278540622
1750,0.5,1.32278540622
1751,0.5,1.43895060584
1752,0.5,1.43895060584
1753,0.5,1.25705961064
1754,0.5,1.25705961064
1755,0.5,1.37814264623
1756,0.5,1.37814264623
1757,0.5,1.41647326214
1758,0.5,1.41647326214
1759,0.5,1.24031482768
1760,0.5,1.24031482768
1761,0.5,1.69137266732
1762,0.5,1.69137266732
1763,0.5,1.25503363918
1764,0.5,1.25503363918
1765,0.5,1.87610483528
1766,0.5,1.87610483528
1767,0.5,1.82988776801
1768,0.5,1.82988776801
1769,0.5,1.26366247272
1770,0.5,1.26366247272
1771,0.5,1.42962959226
1772,0.5,1.42962959226
1773,0.5,1.32530790168
1774,0.5,1.32530790168
1775,0.5,1.47693651718
1776,0.5,1.47693651718
1777,0.5,1.37001580909
1778,0.5,1.37001580909
1779,0.5,1.34724143155
1780,0.5,1.34724143155
1781,0.5,1.26851075244
1782,0.5,1.26851075244
1783,0.5,1.45572207514
1784,0.5,1.45572207514
1785,0.5,1.74974752825
1786,0.5,1.74974752825
1787,0.5,1.39330742055
1788,0.5,1.39330742055
1789,0.5,1.6464051532
1790,0.5,1.6464051532
1791,0.5,1.29597875549
1792,0.5,1.29597875549
1793,0.5,1.2627013761
1794,0.5,1.2627013761
1795,0.5,1.55643999501
1796,0.5,1.55643999501
1797,0.5,1.36608879585
1798,0.5,1.36608879585
1799,0.5,1.25423137872
1800,0.5,1.25423137872
1801,0.5,1.23982683453
1802,0.5,1.23982683453
1803,0.5,1.57382230488
1804,0.5,1.57382230488
1805,0.5,1.37518914194
1806,0.5,1.37518914194
1807,0.5,1.43419628692
1808,0.5,1.43419628692
1809,0.5,1.80895127722
1810,0.5,1.80895127722
1811,0.5,1.67432504282
1812,0.5,1.67432504282
1813,0.5,1.5155759117
1814,0.5,1.5155759117
1815,0.5,1.3443397419
1816,0.5,1.3443397419
1817,0.5,1.3875174364
1818,0.5,1.3875174364
1819,0.5,1.43113516788
1820,0.5,1.43113516788
1821,0.5,1.61132943252
1822,0.5,1.61132943252
1823,0.5,1.28321117107
1824,0.5,1.28321117107
1825,0.5,1.48773794993
1826,0.5,1.48773794993
1827,0.5,1.28813361176
1828,0.5,1.28813361176
1829,0.5,1.31319934917
1830,0.5,1.31319934917
1831,0.5,1.29524771319
1832,0.5,1.29524771319
1833,0.5,1.2858802804
1834,0.5,1.2858802804
1835,0.5,1.33202530658
1836,0.5,1.33202530658
1837,0.5,1.39442222881
1838,0.5,1.39442222881
1839,0.5,1.37025037458
1840,0.5,1.37025037458
1841,0.5,1.41090329602
1842,0.5,1.41090329602
1843,0.5,1.340421208
1844,0.5,1.340421208
1845,0.5,1.34811506334
1846,0.5,1.34811506334
1847,0.5,1.32819033684
1848,0.5,1.32819033684
1849,0.5,1.62349047119
1850,0.5,1.62349047119
1851,0.5,1.24072706564
1852,0.5,1.24072706564
1853,0.5,1.26879698475
1854,0.5,1.26879698475
1855,0.5,1.29882840959
1856,0.5,1.29882840959
1857,0.5,1.66102015974
1858,0.5,1.66102015974
1859,0.5,1.66951968053
1860,0.5,1.66951968053
1861,0.5,1.54466583697
1862,0.5,1.54466583697
1863,0.5,1.24928164277
1864,0.5,1.24928164277
1865,0.5,1.35577186375
1866,0.5,1.35577186375
1867,0.5,1.25149114408
1868,0.5,1.25149114408
1869,0.5,1.40969887043
1870,0.5,1.40969887043
1871,0.5,1.36204483273
1872,0.5,1.36204483273
1873,0.5,1.34112585409
1874,0.5,1.34112585409
1875,0.5,1.26885256047
1876,0.5,1.26885256047
1877,0.5,1.36615892581
1878,0.5,1.36615892581
1879,0.5,1.39620373303
1880,0.5,1.39620373303
1881,0.5,1.252119209
1882,0.5,1.252119209
1883,0.5,1.3517762544
1884,0.5,1.3517762544
1885,0.5,1.71414758936
1886,0.5,1.71414758936
1887,0.5,1.62687474
1888,0.5,1.62687474
1889,0.5,1.43288932313
1890,0.5,1.43288932313
1891,0.5,1.34833275309
1892,0.5,1.34833275309
1893,0.5,1.29284657537
1894,0.5,1.29284657537
1895,0.5,1.29847791477
1896,0.5,1.29847791477
1897,0.5,1.45820895671
1898,0.5,1.45820895671
1899,0.5,1.88883283834
1900,0.5,1.88883283834
1901,0.5,1.26319593578
1902,0.5,1.26319593578
1903,0.5,1.4753893444
1904,0.5,1.4753893444
1905,0.5,1.45816607512
1906,0.5,1.45816607512
1907,0.5,1.2391805326
1908,0.5,1.2391805326
1909,0.5,1.22666545225
1910,0.5,1.22666545225
1911,0.5,1.50613156356
1912,0.5,1.50613156356
1913,0.5,1.2350093914
1914,0.5,1.2350093914
1915,0.5,1.24893224538
1916,0.5,1.24893224538
1917,0.5,1.23678381838
1918,0.5,1.23678381838
1919,0.5,1.23067361738
1920,0.5,1.23067361738
1921,0.5,1.47133554074
1922,0.5,1.47133554074
1923,0.5,1.21426105232
1924,0.5,1.21426105232
1925,0.5,1.38290236449
1926,0.5,1.38290236449
1927,0.5,1.3797784762
1928,0.5,1.3797784762
1929,0.5,1.47948036119
1930,0.5,1.47948036119
1931,0.5,1.37207523638
1932,0.5,1.37207523638
1933,0.5,1.60005013635
1934,0.5,1.60005013635
1935,0.5,1.28903778255
1936,0.5,1.28903778255
1937,0.5,1.22826718844
1938,0.5,1.22826718844
1939,0.5,1.3754169866
1940,0.5,1.3754169866
1941,0.5,1.29478681954
1942,0.5,1.29478681954
1943,0.5,1.32774175501
1944,0.5,1.32774175501
1945,0.5,1.24193107535
1946,0.5,1.24193107535
1947,0.5,1.26676930727
1948,0.5,1.26676930727
1949,0.5,1.40520106922
1950,0.5,1.40520106922
1951,0.5,1.56388814044
1952,0.5,1.56388814044
1953,0.5,1.21666255591
1954,0.5,1.21666255591
1955,0.5,1.2951009512
1956,0.5,1.2951009512
1957,0.5,1.38313138563
1958,0.5,1.38313138563
1959,0.5,1.2881890665
1960,0.5,1.2881890665
1961,0.5,1.34352338386
1962,0.5,1.34352338386
1963,0.5,1.38702861032
1964,0.5,1.38702861032
1965,0.5,1.24575449328
1966,0.5,1.24575449328
1967,0.5,1.37855468061
1968,0.5,1.37855468061
1969,0.5,1.3770860701
1970,0.5,1.3770860701
1971,0.5,1.29565610613
1972,0.5,1.29565610613
1973,0.5,1.60277495589
1974,0.5,1.60277495589
1975,0.5,1.40441971022
1976,0.5,1.40441971022
1977,0.5,1.38291155682
1978,0.5,1.38291155682
1979,0.5,1.39247475382
1980,0.5,1.39247475382
1981,0.5,1.42041701005
1982,0.5,1.42041701005
1983,0.5,1.42003799662
1984,0.5,1.42003799662
1985,0.5,1.3217863287
1986,0.5,1.3217863287
1987,0.5,1.43792553452
1988,0.5,1.43792553452
1989,0.5,1.5427325491
1990,0.5,1.5427325491
1991,0.5,1.47878942519
1992,0.5,1.47878942519
1993,0.5,1.31815515194
1994,0.5,1.31815515194
1995,0.5,1.39827577776
1996,0.5,1.39827577776
1997,0.5,1.35460819777
1998,0.5,1.35460819777
1999,0.5,1.36618624087
2000,0.5,1.36618624087
2001,0.5,1.68325053293
2002,0.5,1.68325053293
2003,0.5,1.3571744764
2004,0.5,1.3571744764
2005,0.5,1.20219570426
2006,0.5,1.20219570426
2007,0.5,1.37889208222
2008,0.5,1.37889208222
2009,0.5,1.32909543584
2010,0.5,1.32909543584
2011,0.5,1.35031942198
2012,0.5,1.35031942198
2013,0.5,1.2874649478
2014,0.5,1.2874649478
2015,0.5,1.51688889156
2016,0.5,1.51688889156
2017,0.5,1.50106375647
2018,0.5,1.50106375647
2019,0.5,1.31990765346
2020,0.5,1.31990765346
2021,0.5,1.5272449297
2022,0.5,1.5272449297
2023,0.5,1.35100683517
2024,0.5,1.35100683517
2025,0.5,1.35761739369
2026,0.5,1.35761739369
2027,0.5,1.2343529037
2028,0.5,1.2343529037
2029,0.5,1.63948570083
2030,0.5,1.63948570083
2031,0.5,1.29795549125
2032,0.5,1.29795549125
2033,0.5,1.36520445122
2034,0.5,1.36520445122
2035,0.5,1.45648883532
2036,0.5,1.45648883532
2037,0.5,1.52456056439
2038,0.5,1.52456056439
2039,0.5,2.00709404257
2040,0.5,2.00709404257
2041,0.5,1.59055122978
2042,0.5,1.59055122978
2043,0.5,1.57538455757
2044,0.5,1.57538455757
2045,0.5,1.37077318633
2046,0.5,1.37077318633
2047,0.5,1.5130712472
2048,0.5,1.5130712472
2049,0.5,1.44538290065
2050,0.5,1.44538290065
2051,0.5,1.42459247464
2052,0.5,1.42459247464
2053,0.5,1.33646257642
2054,0.5,1.33646257642
2055,0.5,1.35341347904
2056,0.5,1.35341347904
2057,0.5,1.28713857653
2058,0.5,1.28713857653
2059,0.5,1.23491085687
2060,0.5,1.23491085687
2061,0.5,1.22890684096
2062,0.5,1.22890684096
2063,0.5,1.50685378613
2064,0.5,1.50685378613
2065,0.5,1.39512679257
2066,0.5,1.39512679257
2067,0.5,1.37068550872
2068,0.5,1.37068550872
2069,0.5,1.31179768988
2070,0.5,1.31179768988
2071,0.5,1.34710028786
2072,0.5,1.34710028786
2073,0.5,1.51179938874
2074,0.5,1.51179938874
2075,0.5,1.29524751665
2076,0.5,1.29524751665
2077,0.5,1.42613142482
2078,0.5,1.42613142482
2079,0.5,1.29247816663
2080,0.5,1.29247816663
2081,0.5,1.58209930103
2082,0.5,1.58209930103
2083,0.5,1.37078159143
2084,0.5,1.37078159143
2085,0.5,1.34026096084
2086,0.5,1.34026096084
2087,0.5,1.23589823003
2088,0.5,1.23589823003
2089,0.5,1.25551404194
2090,0.5,1.25551404194
2091,0.5,1.24441867633
2092,0.5,1.24441867633
2093,0.5,1.422518229
2094,0.5,1.422518229
2095,0.5,1.4582071746
2096,0.5,1.4582071746
2097,0.5,1.2968174206
2098,0.5,1.2968174206
2099,0.5,1.34704601029
2100,0.5,1.34704601029
2101,0.5,1.5192391297
2102,0.5,1.5192391297
2103,0.5,1.56944896213
2104,0.5,1.56944896213
2105,0.5,1.24404442149
2106,0.5,1.24404442149
2107,0.5,1.62225939626
2108,0.5,1.62225939626
2109,0.5,1.32787984892
2110,0.5,1.32787984892
2111,0.5,1.27531379786
2112,0.5,1.27531379786
2113,0.5,1.26962233537
2114,0.5,1.26962233537
2115,0.5,1.32676516683
2116,0.5,1.32676516683
2117,0.5,1.59615978248
2118,0.5,1.59615978248
2119,0.5,1.41146919051
2120,0.5,1.41146919051
2121,0.5,1.43248887069
2122,0.5,1.43248887069
2123,0.5,1.29512081993
2124,0.5,1.29512081993
2125,0.5,1.29430606501
2126,0.5,1.29430606501
2127,0.5,1.32978803906
2128,0.5,1.32978803906
2129,0.5,1.4871181617
2130,0.5,1.4871181617
2131,0.5,1.30823071015
2132,0.5,1.30823071015
2133,0.5,1.60469288747
2134,0.5,1.60469288747
2135,0.5,1.41367518361
2136,0.5,1.41367518361
2137,0.5,1.37653792857
2138,0.5,1.37653792857
2139,0.5,1.28821664116
2140,0.5,1.28821664116
2141,0.5,1.24430431699
2142,0.5,1.24430431699
2143,0.5,1.71455852125
2144,0.5,1.71455852125
2145,0.5,1.43484665091
2146,0.5,1.43484665091
2147,0.5,1.2423335047
2148,0.5,1.2423335047
2149,0.5,1.42533829986
2150,0.5,1.42533829986
2151,0.5,1.57315019486
2152,0.5,1.57315019486
2153,0.5,1.46243524177
2154,0.5,1.46243524177
2155,0.5,1.39165557561
2156,0.5,1.39165557561
2157,0.5,1.26452090901
2158,0.5,1.26452090901
2159,0.5,1.37038214209
2160,0.5,1.37038214209
2161,0.5,1.37057315991
2162,0.5,1.37057315991
2163,0.5,1.32269735811
2164,0.5,1.32269735811
2165,0.5,1.29590170777
2166,0.5,1.29590170777
2167,0.5,1.47548783866
2168,0.5,1.47548783866
2169,0.5,1.32036093823
2170,0.5,1.32036093823
2171,0.5,1.47195785638
2172,0.5,1.47195785638
2173,0.5,1.31927462129
2174,0.5,1.31927462129
2175,0.5,1.55544841291
2176,0.5,1.55544841291
2177,0.5,1.87278907758
2178,0.5,1.87278907758
2179,0.5,1.6040041718
2180,0.5,1.6040041718
2181,0.5,1.50599829715
2182,0.5,1.50599829715
2183,0.5,1.32761557968
2184,0.5,1.32761557968
2185,0.5,1.26492073374
2186,0.5,1.26492073374
2187,0.5,2.36517138487
2188,0.5,2.36517138487
2189,0.5,1.47265533549
2190,0.5,1.47265533549
2191,0.5,1.34155262084
2192,0.5,1.34155262084
2193,0.5,1.34149421801
2194,0.5,1.34149421801
2195,0.5,1.50504404394
2196,0.5,1.50504404394
2197,0.5,1.70066661368
2198,0.5,1.70066661368
2199,0.5,1.37378163306
2200,0.5,1.37378163306
2201,0.5,1.22235844039
2202,0.5,1.22235844039
2203,0.5,1.55300220156
2204,0.5,1.55300220156
2205,0.5,1.53980734006
2206,0.5,1.53980734006
2207,0.5,1.69465378276
2208,0.5,1.69465378276
2209,0.5,1.4339323857
2210,0.5,1.4339323857
2211,0.5,1.30642743506
2212,0.5,1.30642743506
2213,0.5,1.33271768435
2214,0.5,1.33271768435
2215,0.5,1.35552613939
2216,0.5,1.35552613939
2217,0.5,1.23775168408
2218,0.5,1.23775168408
2219,0.5,1.71164689899
2220,0.5,1.71164689899
2221,0.5,1.44659894835
2222,0.5,1.44659894835
2223,0.5,1.61666984729
2224,0.5,1.61666984729
2225,0.5,1.37961337012
2226,0.5,1.37961337012
2227,0.5,1.22611102671
2228,0.5,1.22611102671
2229,0.5,1.3590672085
2230,0.5,1.3590672085
2231,0.5,1.56921601685
2232,0.5,1.56921601685
2233,0.5,1.24536313436
2234,0.5,1.24536313436
2235,0.5,1.33130816246
2236,0.5,1.33130816246
2237,0.5,1.38839772985
2238,0.5,1.38839772985
2239,0.5,1.296060171
2240,0.5,1.296060171
2241,0.5,1.33571377222
2242,0.5,1.33571377222
2243,0.5,1.23074283238
2244,0.5,1.23074283238
2245,0.5,1.28589133857
2246,0.5,1.28589133857
2247,0.5,1.39356732992
2248,0.5,1.39356732992
2249,0.5,1.2828563874
2250,0.5,1.2828563874
2251,0.5,1.26996480761
2252,0.5,1.26996480761
2253,0.5,1.36235186867
2254,0.5,1.36235186867
2255,0.5,1.32331278176
2256,0.5,1.32331278176
2257,0.5,1.32263956047
2258,0.5,1.32263956047
2259,0.5,1.65807987316
2260,0.5,1.65807987316
2261,0.5,1.2924156321
2262,0.5,1.2924156321
2263,0.5,1.4158744389
2264,0.5,1.4158744389
2265,0.5,1.39862074692
2266,0.5,1.39862074692
2267,0.5,1.26799547941
2268,0.5,1.26799547941
2269,0.5,1.41604580879
2270,0.5,1.41604580879
2271,0.5,1.36697063242
2272,0.5,1.36697063242
2273,0.5,1.24134020729
2274,0.5,1.24134020729
2275,0.5,1.27600083329
2276,0.5,1.27600083329
2277,0.5,1.37765278449
2278,0.5,1.37765278449
2279,0.5,1.33582273396
2280,0.5,1.33582273396
2281,0.5,1.44715465749
2282,0.5,1.44715465749
2283,0.5,1.3090332045
2284,0.5,1.3090332045
2285,0.5,1.24109990232
2286,0.5,1.24109990232
2287,0.5,1.36945610708
2288,0.5,1.36945610708
2289,0.5,1.36798736863
2290,0.5,1.36798736863
2291,0.5,1.49127610805
2292,0.5,1.49127610805
2293,0.5,1.43979193208
2294,0.5,1.43979193208
2295,0.5,1.34744265191
2296,0.5,1.34744265191
2297,0.5,1.32248455124
2298,0.5,1.32248455124
2299,0.5,1.40871591345
2300,0.5,1.40871591345
2301,0.5,1.40829726762
2302,0.5,1.40829726762
2303,0.5,1.28281620162
2304,0.5,1.28281620162
2305,0.5,1.5599211148
2306,0.5,1.5599211148
2307,0.5,1.24813237255
2308,0.5,1.24813237255
2309,0.5,1.26329776096
2310,0.5,1.26329776096
2311,0.5,1.62512176492
2312,0.5,1.62512176492
2313,0.5,1.44225881348
2314,0.5,1.44225881348
2315,0.5,1.35743270922
2316,0.5,1.35743270922
2317,0.5,1.26143761794
2318,0.5,1.26143761794
2319,0.5,1.35819771341
2320,0.5,1.35819771341
2321,0.5,1.33875794808
2322,0.5,1.33875794808
2323,0.5,1.35809620019
2324,0.5,1.35809620019
2325,0.5,1.77278588796
2326,0.5,1.77278588796
2327,0.5,1.43770533962
2328,0.5,1.43770533962
2329,0.5,1.27761365404
2330,0.5,1.27761365404
2331,0.5,1.28465831095
2332,0.5,1.28465831095
2333,0.5,1.36400594016
2334,0.5,1.36400594016
2335,0.5,1.35426433682
2336,0.5,1.35426433682
2337,0.5,1.42106840332
2338,0.5,1.42106840332
2339,0.5,1.4380668396
2340,0.5,1.4380668396
2341,0.5,1.23584584529
2342,0.5,1.23584584529
2343,0.5,1.22053857607
2344,0.5,1.22053857607
2345,0.5,1.38579824249
2346,0.5,1.38579824249
2347,0.5,1.31650831548
2348,0.5,1.31650831548
2349,0.5,1.38856031766
2350,0.5,1.38856031766
2351,0.5,1.36458780722
2352,0.5,1.36458780722
2353,0.5,1.49352510398
2354,0.5,1.49352510398
2355,0.5,1.42694618638
2356,0.5,1.42694618638
2357,0.5,1.48658041707
2358,0.5,1.48658041707
2359,0.5,1.5440500404
2360,0.5,1.5440500404
2361,0.5,1.35677962005
2362,0.5,1.35677962005
2363,0.5,1.40779188614
2364,0.5,1.40779188614
2365,0.5,1.26796786685
2366,0.5,1.26796786685
2367,0.5,1.32618520404
2368,0.5,1.32618520404
2369,0.5,1.30339335
2370,0.5,1.30339335
2371,0.5,1.41111364104
2372,0.5,1.41111364104
2373,0.5,1.35609206226
2374,0.5,1.35609206226
2375,0.5,1.78158395461
2376,0.5,1.78158395461
2377,0.5,1.62202131638
2378,0.5,1.62202131638
2379,0.5,1.31741517
2380,0.5,1.31741517
2381,0.5,1.47397674938
2382,0.5,1.47397674938
2383,0.5,1.30442226817
2384,0.5,1.30442226817
2385,0.5,1.23973765635
2386,0.5,1.23973765635
2387,0.5,1.29778274405
2388,0.5,1.29778274405
2389,0.5,1.58291582855
2390,0.5,1.58291582855
2391,0.5,1.27418623999
2392,0.5,1.27418623999
2393,0.5,1.41944973287
2394,0.5,1.41944973287
2395,0.5,1.22012124453
2396,0.5,1.22012124453
2397,0.5,1.81050796063
2398,0.5,1.81050796063
2399,0.5,1.57082003115
2400,0.5,1.57082003115
2401,0.5,1.28173823705
2402,0.5,1.28173823705
2403,0.5,1.89807314584
2404,0.5,1.89807314584
2405,0.5,1.50103121977
2406,0.5,1.50103121977
2407,0.5,1.29322233365
2408,0.5,1.29322233365
2409,0.5,1.52835246148
2410,0.5,1.52835246148
2411,0.5,1.51711506222
2412,0.5,1.51711506222
2413,0.5,1.36124311321
2414,0.5,1.36124311321
2415,0.5,1.31958191597
2416,0.5,1.31958191597
2417,0.5,1.36808999719
2418,0.5,1.36808999719
2419,0.5,1.63959877903
2420,0.5,1.63959877903
2421,0.5,1.41975054821
2422,0.5,1.41975054821
2423,0.5,1.31819597082
2424,0.5,1.31819597082
2425,0.5,1.31529250018
2426,0.5,1.31529250018
2427,0.5,1.91809359882
2428,0.5,1.91809359882
2429,0.5,1.38770190671
2430,0.5,1.38770190671
2431,0.5,1.83229042816
2432,0.5,1.83229042816
2433,0.5,1.39537857123
2434,0.5,1.39537857123
2435,0.5,1.30992970091
2436,0.5,1.30992970091
2437,0.5,1.3139112716
2438,0.5,1.3139112716
2439,0.5,1.27084050497
2440,0.5,1.27084050497
2441,0.5,1.31153083239
2442,0.5,1.31153083239
2443,0.5,1.28798574503
2444,0.5,1.28798574503
2445,0.5,1.38332003362
2446,0.5,1.38332003362
2447,0.5,1.80370425651
2448,0.5,1.80370425651
2449,0.5,1.38461863337
2450,0.5,1.38461863337
2451,0.5,1.32906785753
2452,0.5,1.32906785753
2453,0.5,1.68068453965
2454,0.5,1.68068453965
2455,0.5,1.29982972654
2456,0.5,1.29982972654
2457,0.5,1.37585398196
2458,0.5,1.37585398196
2459,0.5,1.31762658013
2460,0.5,1.31762658013
2461,0.5,1.24741120671
2462,0.5,1.24741120671
2463,0.5,1.48025904765
2464,0.5,1.48025904765
2465,0.5,1.38985584162
2466,0.5,1.38985584162
2467,0.5,1.31784561236
2468,0.5,1.31784561236
2469,0.5,1.74200578177
2470,0.5,1.74200578177
2471,0.5,1.5341753701
2472,0.5,1.5341753701
2473,0.5,1.65137437942
2474,0.5,1.65137437942
2475,0.5,1.30297422218
2476,0.5,1.30297422218
2477,0.5,1.81676101381
2478,0.5,1.81676101381
2479,0.5,1.26911809193
2480,0.5,1.26911809193
2481,0.5,1.37008002959
2482,0.5,1.37008002959
2483,0.5,1.38477322023
2484,0.5,1.38477322023
2485,0.5,1.51968341618
2486,0.5,1.51968341618
2487,0.5,1.42420102529
2488,0.5,1.42420102529
2489,0.5,1.30294924697
2490,0.5,1.30294924697
2491,0.5,1.32510660978
2492,0.5,1.32510660978
2493,0.5,1.43435145802
2494,0.5,1.43435145802
2495,0.5,1.22915437291
2496,0.5,1.22915437291
2497,0.5,1.21636956504
2498,0.5,1.21636956504
2499,0.5,1.37092108216
2500,0.5,1.37092108216
2501,0.5,1.294050338
2502,0.5,1.294050338
2503,0.5,1.75909693877
2504,0.5,1.75909693877
2505,0.5,1.29945115934
2506,0.5,1.29945115934
2507,0.5,1.38389071783
2508,0.5,1.38389071783
2509,0.5,1.37038890474
2510,0.5,1.37038890474
2511,0.5,1.33189558149
2512,0.5,1.33189558149
2513,0.5,1.33279765619
2514,0.5,1.33279765619
2515,0.5,1.28512275971
2516,0.5,1.28512275971
2517,0.5,1.43209758267
2518,0.5,1.43209758267
2519,0.5,1.47454698479
2520,0.5,1.47454698479
2521,0.5,1.47178612439
2522,0.5,1.47178612439
2523,0.5,1.30669943668
2524,0.5,1.30669943668
2525,0.5,1.33640182096
2526,0.5,1.33640182096
2527,0.5,1.46598589875
2528,0.5,1.46598589875
2529,0.5,1.25396647156
2530,0.5,1.25396647156
2531,0.5,1.43414655067
2532,0.5,1.43414655067
2533,0.5,1.56205375557
2534,0.5,1.56205375557
2535,0.5,1.57825373803
2536,0.5,1.57825373803
2537,0.5,1.55092496144
2538,0.5,1.55092496144
2539,0.5,1.59470406571
2540,0.5,1.59470406571
2541,0.5,1.31120814604
2542,0.5,1.31120814604
2543,0.5,1.29888490883
2544,0.5,1.29888490883
2545,0.5,1.46003553114
2546,0.5,1.46003553114
2547,0.5,1.28416371313
2548,0.5,1.28416371313
2549,0.5,1.42860804104
2550,0.5,1.42860804104
2551,0.5,2.24904578606
2552,0.5,2.24904578606
2553,0.5,1.87708094302
2554,0.5,1.87708094302
2555,0.5,1.35352821461
2556,0.5,1.35352821461
