id,from_node_id,to_node_id,status
1,1,273,1
2,273,1,1
3,1,84,1
4,84,1,1
5,2,385,1
6,385,2,1
7,2,419,1
8,419,2,1
9,2,52,1
10,52,2,1
11,2,164,1
12,164,2,1
13,2,112,1
14,112,2,1
15,3,241,1
16,241,3,1
17,3,381,1
18,381,3,1
19,3,357,1
20,357,3,1
21,3,319,1
22,319,3,1
23,4,68,1
24,68,4,1
25,4,328,1
26,328,4,1
27,4,142,1
28,142,4,1
29,4,182,1
30,182,4,1
31,4,473,1
32,473,4,1
33,4,60,1
34,60,4,1
35,5,58,1
36,58,5,1
37,5,116,1
38,116,5,1
39,5,487,1
40,487,5,1
41,5,216,1
42,216,5,1
43,5,72,1
44,72,5,1
45,6,225,1
46,225,6,1
47,6,327,1
48,327,6,1
49,6,74,1
50,74,6,1
51,6,460,1
52,460,6,1
53,6,271,1
54,271,6,1
55,6,466,1
56,466,6,1
57,6,52,1
58,52,6,1
59,6,415,1
60,415,6,1
61,7,347,1
62,347,7,1
63,7,36,1
64,36,7,1
65,8,59,1
66,59,8,1
67,8,92,1
68,92,8,1
69,8,69,1
70,69,8,1
71,8,478,1
72,478,8,1
73,8,252,1
74,252,8,1
75,9,275,1
76,275,9,1
77,9,149,1
78,149,9,1
79,9,487,1
80,487,9,1
81,10,73,1
82,73,10,1
83,10,121,1
84,121,10,1
85,10,492,1
86,492,10,1
87,10,95,1
88,95,10,1
89,10,130,1
90,130,10,1
91,11,34,1
92,34,11,1
93,11,358,1
94,358,11,1
95,11,450,1
96,450,11,1
97,11,303,1
98,303,11,1
99,11,218,1
100,218,11,1
101,11,442,1
102,442,11,1
103,12,465,1
104,465,12,1
105,12,489,1
106,489,12,1
107,12,292,1
108,292,12,1
109,12,157,1
110,157,12,1
111,12,312,1
112,312,12,1
113,13,163,1
114,163,13,1
115,13,335,1
116,335,13,1
117,14,70,1
118,70,14,1
119,14,391,1
120,391,14,1
121,14,22,1
122,22,14,1
123,14,151,1
124,151,14,1
125,14,251,1
126,251,14,1
127,14,252,1
128,252,14,1
129,14,382,1
130,382,14,1
131,14,96,1
132,96,14,1
133,15,97,1
134,97,15,1
135,15,100,1
136,100,15,1
137,15,166,1
138,166,15,1
139,15,397,1
140,397,15,1
141,15,463,1
142,463,15,1
143,15,208,1
144,208,15,1
145,15,152,1
146,152,15,1
147,15,477,1
148,477,15,1
149,16,282,1
150,282,16,1
151,16,363,1
152,363,16,1
153,16,181,1
154,181,16,1
155,16,322,1
156,322,16,1
157,17,290,1
158,290,17,1
159,17,60,1
160,60,17,1
161,17,117,1
162,117,17,1
163,18,475,1
164,475,18,1
165,18,252,1
166,252,18,1
167,18,159,1
168,159,18,1
169,19,470,1
170,470,19,1
171,19,79,1
172,79,19,1
173,20,249,1
174,249,20,1
175,20,458,1
176,458,20,1
177,20,62,1
178,62,20,1
179,20,214,1
180,214,20,1
181,21,50,1
182,50,21,1
183,21,350,1
184,350,21,1
185,21,296,1
186,296,21,1
187,22,235,1
188,235,22,1
189,22,120,1
190,120,22,1
191,22,334,1
192,334,22,1
193,22,80,1
194,80,22,1
195,23,259,1
196,259,23,1
197,23,223,1
198,223,23,1
199,24,500,1
200,500,24,1
201,24,261,1
202,261,24,1
203,24,142,1
204,142,24,1
205,24,415,1
206,415,24,1
207,24,128,1
208,128,24,1
209,25,343,1
210,343,25,1
211,25,416,1
212,416,25,1
213,26,355,1
214,355,26,1
215,26,108,1
216,108,26,1
217,26,102,1
218,102,26,1
219,26,486,1
220,486,26,1
221,27,114,1
222,114,27,1
223,27,35,1
224,35,27,1
225,27,259,1
226,259,27,1
227,28,134,1
228,134,28,1
229,28,472,1
230,472,28,1
231,28,201,1
232,201,28,1
233,28,108,1
234,108,28,1
235,28,115,1
236,115,28,1
237,28,244,1
238,244,28,1
239,28,182,1
240,182,28,1
241,28,376,1
242,376,28,1
243,29,417,1
244,417,29,1
245,29,489,1
246,489,29,1
247,29,187,1
248,187,29,1
249,29,352,1
250,352,29,1
251,30,216,1
252,216,30,1
253,30,240,1
254,240,30,1
255,30,214,1
256,214,30,1
257,30,447,1
258,447,30,1
259,30,176,1
260,176,30,1
261,31,210,1
262,210,31,1
263,31,488,1
264,488,31,1
265,31,357,1
266,357,31,1
267,31,378,1
268,378,31,1
269,32,202,1
270,202,32,1
271,32,255,1
272,255,32,1
273,32,256,1
274,256,32,1
275,33,450,1
276,450,33,1
277,33,85,1
278,85,33,1
279,33,490,1
280,490,33,1
281,34,199,1
282,199,34,1
283,34,113,1
284,113,34,1
285,34,179,1
286,179,34,1
287,34,117,1
288,117,34,1
289,34,382,1
290,382,34,1
291,35,404,1
292,404,35,1
293,35,302,1
294,302,35,1
295,36,202,1
296,202,36,1
297,36,339,1
298,339,36,1
299,36,468,1
300,468,36,1
301,36,367,1
302,367,36,1
303,37,409,1
304,409,37,1
305,37,473,1
306,473,37,1
307,37,456,1
308,456,37,1
309,37,40,1
310,40,37,1
311,38,194,1
312,194,38,1
313,38,421,1
314,421,38,1
315,38,239,1
316,239,38,1
317,38,115,1
318,115,38,1
319,38,215,1
320,215,38,1
321,38,282,1
322,282,38,1
323,38,351,1
324,351,38,1
325,38,480,1
326,480,38,1
327,39,105,1
328,105,39,1
329,40,358,1
330,358,40,1
331,40,359,1
332,359,40,1
333,40,75,1
334,75,40,1
335,40,396,1
336,396,40,1
337,40,463,1
338,463,40,1
339,40,306,1
340,306,40,1
341,40,312,1
342,312,40,1
343,40,474,1
344,474,40,1
345,41,57,1
346,57,41,1
347,41,218,1
348,218,41,1
349,41,187,1
350,187,41,1
351,42,225,1
352,225,42,1
353,42,130,1
354,130,42,1
355,42,163,1
356,163,42,1
357,42,421,1
358,421,42,1
359,42,294,1
360,294,42,1
361,42,423,1
362,423,42,1
363,42,80,1
364,80,42,1
365,42,349,1
366,349,42,1
367,43,170,1
368,170,43,1
369,43,211,1
370,211,43,1
371,43,245,1
372,245,43,1
373,43,182,1
374,182,43,1
375,43,181,1
376,181,43,1
377,43,59,1
378,59,43,1
379,43,255,1
380,255,43,1
381,44,418,1
382,418,44,1
383,44,485,1
384,485,44,1
385,44,230,1
386,230,44,1
387,44,73,1
388,73,44,1
389,44,105,1
390,105,44,1
391,44,251,1
392,251,44,1
393,44,379,1
394,379,44,1
395,44,223,1
396,223,44,1
397,45,249,1
398,249,45,1
399,45,67,1
400,67,45,1
401,45,108,1
402,108,45,1
403,46,249,1
404,249,46,1
405,46,50,1
406,50,46,1
407,46,75,1
408,75,46,1
409,46,331,1
410,331,46,1
411,47,497,1
412,497,47,1
413,47,106,1
414,106,47,1
415,47,362,1
416,362,47,1
417,47,295,1
418,295,47,1
419,47,168,1
420,168,47,1
421,48,289,1
422,289,48,1
423,48,417,1
424,417,48,1
425,48,285,1
426,285,48,1
427,48,94,1
428,94,48,1
429,48,351,1
430,351,48,1
431,49,450,1
432,450,49,1
433,49,411,1
434,411,49,1
435,49,84,1
436,84,49,1
437,49,190,1
438,190,49,1
439,49,384,1
440,384,49,1
441,50,386,1
442,386,50,1
443,50,168,1
444,168,50,1
445,50,396,1
446,396,50,1
447,50,243,1
448,243,50,1
449,50,87,1
450,87,50,1
451,50,319,1
452,319,50,1
453,51,247,1
454,247,51,1
455,51,388,1
456,388,51,1
457,51,173,1
458,173,51,1
459,51,150,1
460,150,51,1
461,51,223,1
462,223,51,1
463,52,305,1
464,305,52,1
465,52,451,1
466,451,52,1
467,52,357,1
468,357,52,1
469,53,483,1
470,483,53,1
471,53,364,1
472,364,53,1
473,53,222,1
474,222,53,1
475,54,193,1
476,193,54,1
477,54,329,1
478,329,54,1
479,54,330,1
480,330,54,1
481,54,147,1
482,147,54,1
483,54,246,1
484,246,54,1
485,54,216,1
486,216,54,1
487,55,387,1
488,387,55,1
489,55,491,1
490,491,55,1
491,55,269,1
492,269,55,1
493,55,79,1
494,79,55,1
495,55,306,1
496,306,55,1
497,55,437,1
498,437,55,1
499,55,185,1
500,185,55,1
501,55,284,1
502,284,55,1
503,55,478,1
504,478,55,1
505,56,161,1
506,161,56,1
507,56,323,1
508,323,56,1
509,56,166,1
510,166,56,1
511,56,493,1
512,493,56,1
513,56,175,1
514,175,56,1
515,56,211,1
516,211,56,1
517,56,186,1
518,186,56,1
519,57,263,1
520,263,57,1
521,57,460,1
522,460,57,1
523,57,120,1
524,120,57,1
525,57,89,1
526,89,57,1
527,57,315,1
528,315,57,1
529,58,181,1
530,181,58,1
531,58,499,1
532,499,58,1
533,59,258,1
534,258,59,1
535,59,355,1
536,355,59,1
537,59,272,1
538,272,59,1
539,59,340,1
540,340,59,1
541,59,247,1
542,247,59,1
543,59,363,1
544,363,59,1
545,60,225,1
546,225,60,1
547,60,203,1
548,203,60,1
549,60,396,1
550,396,60,1
551,60,78,1
552,78,60,1
553,60,183,1
554,183,60,1
555,61,66,1
556,66,61,1
557,61,389,1
558,389,61,1
559,61,199,1
560,199,61,1
561,61,200,1
562,200,61,1
563,61,148,1
564,148,61,1
565,61,438,1
566,438,61,1
567,61,375,1
568,375,61,1
569,62,225,1
570,225,62,1
571,62,427,1
572,427,62,1
573,62,397,1
574,397,62,1
575,62,339,1
576,339,62,1
577,62,64,1
578,64,62,1
579,63,260,1
580,260,63,1
581,63,299,1
582,299,63,1
583,63,79,1
584,79,63,1
585,63,433,1
586,433,63,1
587,63,436,1
588,436,63,1
589,63,252,1
590,252,63,1
591,63,128,1
592,128,63,1
593,64,482,1
594,482,64,1
595,64,336,1
596,336,64,1
597,64,148,1
598,148,64,1
599,64,181,1
600,181,64,1
601,64,480,1
602,480,64,1
603,65,265,1
604,265,65,1
605,65,154,1
606,154,65,1
607,65,435,1
608,435,65,1
609,65,356,1
610,356,65,1
611,66,291,1
612,291,66,1
613,66,332,1
614,332,66,1
615,66,236,1
616,236,66,1
617,66,82,1
618,82,66,1
619,66,276,1
620,276,66,1
621,66,478,1
622,478,66,1
623,67,129,1
624,129,67,1
625,67,225,1
626,225,67,1
627,67,290,1
628,290,67,1
629,67,396,1
630,396,67,1
631,67,143,1
632,143,67,1
633,67,469,1
634,469,67,1
635,68,291,1
636,291,68,1
637,68,104,1
638,104,68,1
639,68,205,1
640,205,68,1
641,68,239,1
642,239,68,1
643,68,304,1
644,304,68,1
645,68,369,1
646,369,68,1
647,68,118,1
648,118,68,1
649,69,152,1
650,152,69,1
651,70,452,1
652,452,70,1
653,70,393,1
654,393,70,1
655,70,366,1
656,366,70,1
657,70,312,1
658,312,70,1
659,70,92,1
660,92,70,1
661,71,203,1
662,203,71,1
663,71,484,1
664,484,71,1
665,71,381,1
666,381,71,1
667,71,462,1
668,462,71,1
669,71,287,1
670,287,71,1
671,72,82,1
672,82,72,1
673,72,260,1
674,260,72,1
675,72,295,1
676,295,72,1
677,73,196,1
678,196,73,1
679,73,422,1
680,422,73,1
681,73,205,1
682,205,73,1
683,73,112,1
684,112,73,1
685,73,433,1
686,433,73,1
687,73,188,1
688,188,73,1
689,74,281,1
690,281,74,1
691,74,442,1
692,442,74,1
693,74,324,1
694,324,74,1
695,75,170,1
696,170,75,1
697,75,464,1
698,464,75,1
699,76,284,1
700,284,76,1
701,76,466,1
702,466,76,1
703,76,212,1
704,212,76,1
705,76,127,1
706,127,76,1
707,77,267,1
708,267,77,1
709,77,433,1
710,433,77,1
711,77,345,1
712,345,77,1
713,77,277,1
714,277,77,1
715,77,185,1
716,185,77,1
717,77,373,1
718,373,77,1
719,78,455,1
720,455,78,1
721,78,103,1
722,103,78,1
723,78,136,1
724,136,78,1
725,78,428,1
726,428,78,1
727,78,366,1
728,366,78,1
729,78,79,1
730,79,78,1
731,78,336,1
732,336,78,1
733,78,469,1
734,469,78,1
735,79,263,1
736,263,79,1
737,79,306,1
738,306,79,1
739,79,372,1
740,372,79,1
741,80,332,1
742,332,80,1
743,80,105,1
744,105,80,1
745,80,248,1
746,248,80,1
747,80,309,1
748,309,80,1
749,80,183,1
750,183,80,1
751,80,280,1
752,280,80,1
753,81,265,1
754,265,81,1
755,81,354,1
756,354,81,1
757,81,211,1
758,211,81,1
759,81,449,1
760,449,81,1
761,81,342,1
762,342,81,1
763,82,485,1
764,485,82,1
765,82,336,1
766,336,82,1
767,82,306,1
768,306,82,1
769,82,154,1
770,154,82,1
771,82,255,1
772,255,82,1
773,83,399,1
774,399,83,1
775,84,401,1
776,401,84,1
777,84,301,1
778,301,84,1
779,84,247,1
780,247,84,1
781,84,381,1
782,381,84,1
783,85,193,1
784,193,85,1
785,85,196,1
786,196,85,1
787,85,354,1
788,354,85,1
789,85,409,1
790,409,85,1
791,85,219,1
792,219,85,1
793,86,452,1
794,452,86,1
795,86,469,1
796,469,86,1
797,86,376,1
798,376,86,1
799,87,385,1
800,385,87,1
801,87,386,1
802,386,87,1
803,87,274,1
804,274,87,1
805,87,361,1
806,361,87,1
807,87,271,1
808,271,87,1
809,87,401,1
810,401,87,1
811,87,450,1
812,450,87,1
813,87,341,1
814,341,87,1
815,87,481,1
816,481,87,1
817,87,314,1
818,314,87,1
819,87,277,1
820,277,87,1
821,88,138,1
822,138,88,1
823,88,140,1
824,140,88,1
825,88,357,1
826,357,88,1
827,88,312,1
828,312,88,1
829,88,200,1
830,200,88,1
831,89,324,1
832,324,89,1
833,89,166,1
834,166,89,1
835,89,372,1
836,372,89,1
837,89,149,1
838,149,89,1
839,89,124,1
840,124,89,1
841,89,288,1
842,288,89,1
843,91,289,1
844,289,91,1
845,91,392,1
846,392,91,1
847,91,364,1
848,364,91,1
849,91,333,1
850,333,91,1
851,91,430,1
852,430,91,1
853,91,369,1
854,369,91,1
855,91,282,1
856,282,91,1
857,91,186,1
858,186,91,1
859,91,411,1
860,411,91,1
861,92,182,1
862,182,92,1
863,92,244,1
864,244,92,1
865,93,265,1
866,265,93,1
867,93,491,1
868,491,93,1
869,93,296,1
870,296,93,1
871,94,109,1
872,109,94,1
873,94,210,1
874,210,94,1
875,94,403,1
876,403,94,1
877,94,500,1
878,500,94,1
879,94,373,1
880,373,94,1
881,94,120,1
882,120,94,1
883,94,496,1
884,496,94,1
885,94,95,1
886,95,94,1
887,95,323,1
888,323,95,1
889,95,100,1
890,100,95,1
891,95,487,1
892,487,95,1
893,95,331,1
894,331,95,1
895,95,469,1
896,469,95,1
897,95,184,1
898,184,95,1
899,95,411,1
900,411,95,1
901,95,476,1
902,476,95,1
903,96,444,1
904,444,96,1
905,96,343,1
906,343,96,1
907,96,334,1
908,334,96,1
909,96,312,1
910,312,96,1
911,97,290,1
912,290,97,1
913,97,292,1
914,292,97,1
915,97,203,1
916,203,97,1
917,97,336,1
918,336,97,1
919,97,337,1
920,337,97,1
921,97,114,1
922,114,97,1
923,97,313,1
924,313,97,1
925,98,105,1
926,105,98,1
927,98,225,1
928,225,98,1
929,98,443,1
930,443,98,1
931,98,204,1
932,204,98,1
933,98,234,1
934,234,98,1
935,99,193,1
936,193,99,1
937,99,194,1
938,194,99,1
939,99,421,1
940,421,99,1
941,99,236,1
942,236,99,1
943,99,334,1
944,334,99,1
945,99,465,1
946,465,99,1
947,99,183,1
948,183,99,1
949,100,419,1
950,419,100,1
951,101,268,1
952,268,101,1
953,101,367,1
954,367,101,1
955,101,359,1
956,359,101,1
957,102,449,1
958,449,102,1
959,102,460,1
960,460,102,1
961,102,272,1
962,272,102,1
963,102,436,1
964,436,102,1
965,102,438,1
966,438,102,1
967,103,243,1
968,243,103,1
969,103,187,1
970,187,103,1
971,103,403,1
972,403,103,1
973,103,250,1
974,250,103,1
975,104,395,1
976,395,104,1
977,104,263,1
978,263,104,1
979,105,267,1
980,267,105,1
981,105,220,1
982,220,105,1
983,106,229,1
984,229,106,1
985,106,455,1
986,455,106,1
987,106,304,1
988,304,106,1
989,106,155,1
990,155,106,1
991,106,222,1
992,222,106,1
993,107,474,1
994,474,107,1
995,107,315,1
996,315,107,1
997,107,335,1
998,335,107,1
999,108,454,1
1000,454,108,1
1001,108,167,1
1002,167,108,1
1003,108,153,1
1004,153,108,1
1005,109,275,1
1006,275,109,1
1007,109,140,1
1008,140,109,1
1009,109,407,1
1010,407,109,1
1011,110,274,1
1012,274,110,1
1013,110,293,1
1014,293,110,1
1015,110,279,1
1016,279,110,1
1017,111,139,1
1018,139,111,1
1019,111,184,1
1020,184,111,1
1021,112,234,1
1022,234,112,1
1023,112,235,1
1024,235,112,1
1025,112,143,1
1026,143,112,1
1027,112,471,1
1028,471,112,1
1029,112,138,1
1030,138,112,1
1031,112,474,1
1032,474,112,1
1033,112,414,1
1034,414,112,1
1035,113,407,1
1036,407,113,1
1037,113,169,1
1038,169,113,1
1039,113,395,1
1040,395,113,1
1041,113,297,1
1042,297,113,1
1043,113,181,1
1044,181,113,1
1045,113,215,1
1046,215,113,1
1047,113,222,1
1048,222,113,1
1049,114,454,1
1050,454,114,1
1051,114,235,1
1052,235,114,1
1053,114,402,1
1054,402,114,1
1055,114,376,1
1056,376,114,1
1057,114,317,1
1058,317,114,1
1059,114,459,1
1060,459,114,1
1061,115,435,1
1062,435,115,1
1063,115,176,1
1064,176,115,1
1065,116,154,1
1066,154,116,1
1067,116,286,1
1068,286,116,1
1069,116,330,1
1070,330,116,1
1071,117,385,1
1072,385,117,1
1073,117,417,1
1074,417,117,1
1075,117,173,1
1076,173,117,1
1077,118,129,1
1078,129,118,1
1079,118,445,1
1080,445,118,1
1081,119,210,1
1082,210,119,1
1083,119,395,1
1084,395,119,1
1085,119,244,1
1086,244,119,1
1087,119,142,1
1088,142,119,1
1089,119,366,1
1090,366,119,1
1091,120,427,1
1092,427,120,1
1093,120,461,1
1094,461,120,1
1095,120,478,1
1096,478,120,1
1097,120,466,1
1098,466,120,1
1099,120,310,1
1100,310,120,1
1101,120,444,1
1102,444,120,1
1103,120,127,1
1104,127,120,1
1105,121,264,1
1106,264,121,1
1107,121,240,1
1108,240,121,1
1109,122,219,1
1110,219,122,1
1111,122,500,1
1112,500,122,1
1113,122,221,1
1114,221,122,1
1115,122,478,1
1116,478,122,1
1117,122,328,1
1118,328,122,1
1119,123,204,1
1120,204,123,1
1121,123,248,1
1122,248,123,1
1123,124,314,1
1124,314,124,1
1125,124,190,1
1126,190,124,1
1127,124,303,1
1128,303,124,1
1129,124,431,1
1130,431,124,1
1131,125,457,1
1132,457,125,1
1133,125,244,1
1134,244,125,1
1135,125,281,1
1136,281,125,1
1137,125,443,1
1138,443,125,1
1139,125,475,1
1140,475,125,1
1141,125,352,1
1142,352,125,1
1143,126,266,1
1144,266,126,1
1145,126,267,1
1146,267,126,1
1147,126,467,1
1148,467,126,1
1149,127,337,1
1150,337,127,1
1151,128,440,1
1152,440,128,1
1153,128,384,1
1154,384,128,1
1155,128,319,1
1156,319,128,1
1157,129,493,1
1158,493,129,1
1159,129,237,1
1160,237,129,1
1161,130,216,1
1162,216,130,1
1163,130,286,1
1164,286,130,1
1165,131,347,1
1166,347,131,1
1167,131,430,1
1168,430,131,1
1169,131,488,1
1170,488,131,1
1171,132,361,1
1172,361,132,1
1173,132,320,1
1174,320,132,1
1175,133,492,1
1176,492,133,1
1177,133,344,1
1178,344,133,1
1179,134,405,1
1180,405,134,1
1181,134,406,1
1182,406,134,1
1183,135,258,1
1184,258,135,1
1185,135,170,1
1186,170,135,1
1187,135,463,1
1188,463,135,1
1189,135,310,1
1190,310,135,1
1191,135,445,1
1192,445,135,1
1193,135,342,1
1194,342,135,1
1195,136,257,1
1196,257,136,1
1197,136,378,1
1198,378,136,1
1199,136,467,1
1200,467,136,1
1201,137,335,1
1202,335,137,1
1203,139,494,1
1204,494,139,1
1205,139,400,1
1206,400,139,1
1207,139,401,1
1208,401,139,1
1209,139,149,1
1210,149,139,1
1211,139,159,1
1212,159,139,1
1213,139,311,1
1214,311,139,1
1215,139,378,1
1216,378,139,1
1217,139,477,1
1218,477,139,1
1219,139,255,1
1220,255,139,1
1221,140,264,1
1222,264,140,1
1223,140,328,1
1224,328,140,1
1225,140,272,1
1226,272,140,1
1227,140,306,1
1228,306,140,1
1229,140,470,1
1230,470,140,1
1231,140,319,1
1232,319,140,1
1233,141,302,1
1234,302,141,1
1235,141,231,1
1236,231,141,1
1237,142,485,1
1238,485,142,1
1239,142,238,1
1240,238,142,1
1241,142,405,1
1242,405,142,1
1243,142,284,1
1244,284,142,1
1245,143,485,1
1246,485,143,1
1247,143,170,1
1248,170,143,1
1249,143,173,1
1250,173,143,1
1251,143,473,1
1252,473,143,1
1253,144,290,1
1254,290,144,1
1255,145,341,1
1256,341,145,1
1257,145,261,1
1258,261,145,1
1259,145,263,1
1260,263,145,1
1261,146,292,1
1262,292,146,1
1263,146,188,1
1264,188,146,1
1265,146,262,1
1266,262,146,1
1267,146,252,1
1268,252,146,1
1269,148,296,1
1270,296,148,1
1271,148,491,1
1272,491,148,1
1273,148,243,1
1274,243,148,1
1275,148,400,1
1276,400,148,1
1277,148,211,1
1278,211,148,1
1279,149,382,1
1280,382,149,1
1281,149,330,1
1282,330,149,1
1283,150,386,1
1284,386,150,1
1285,150,197,1
1286,197,150,1
1287,150,172,1
1288,172,150,1
1289,150,173,1
1290,173,150,1
1291,150,182,1
1292,182,150,1
1293,150,470,1
1294,470,150,1
1295,151,409,1
1296,409,151,1
1297,151,441,1
1298,441,151,1
1299,151,155,1
1300,155,151,1
1301,152,395,1
1302,395,152,1
1303,152,398,1
1304,398,152,1
1305,153,227,1
1306,227,153,1
1307,153,202,1
1308,202,153,1
1309,153,459,1
1310,459,153,1
1311,153,465,1
1312,465,153,1
1313,153,341,1
1314,341,153,1
1315,153,352,1
1316,352,153,1
1317,155,251,1
1318,251,155,1
1319,155,463,1
1320,463,155,1
1321,156,377,1
1322,377,156,1
1323,156,368,1
1324,368,156,1
1325,156,454,1
1326,454,156,1
1327,156,192,1
1328,192,156,1
1329,157,499,1
1330,499,157,1
1331,157,285,1
1332,285,157,1
1333,157,376,1
1334,376,157,1
1335,158,274,1
1336,274,158,1
1337,158,444,1
1338,444,158,1
1339,158,303,1
1340,303,158,1
1341,158,263,1
1342,263,158,1
1343,158,450,1
1344,450,158,1
1345,159,195,1
1346,195,159,1
1347,159,456,1
1348,456,159,1
1349,159,492,1
1350,492,159,1
1351,159,499,1
1352,499,159,1
1353,160,348,1
1354,348,160,1
1355,160,308,1
1356,308,160,1
1357,161,357,1
1358,357,161,1
1359,162,426,1
1360,426,162,1
1361,162,176,1
1362,176,162,1
1363,162,369,1
1364,369,162,1
1365,162,183,1
1366,183,162,1
1367,162,217,1
1368,217,162,1
1369,162,349,1
1370,349,162,1
1371,163,452,1
1372,452,163,1
1373,163,264,1
1374,264,163,1
1375,163,201,1
1376,201,163,1
1377,163,276,1
1378,276,163,1
1379,163,181,1
1380,181,163,1
1381,163,346,1
1382,346,163,1
1383,164,297,1
1384,297,164,1
1385,164,365,1
1386,365,164,1
1387,164,239,1
1388,239,164,1
1389,164,231,1
1390,231,164,1
1391,165,276,1
1392,276,165,1
1393,165,424,1
1394,424,165,1
1395,166,228,1
1396,228,166,1
1397,166,341,1
1398,341,166,1
1399,167,255,1
1400,255,167,1
1401,168,227,1
1402,227,168,1
1403,168,372,1
1404,372,168,1
1405,168,402,1
1406,402,168,1
1407,169,272,1
1408,272,169,1
1409,170,392,1
1410,392,170,1
1411,170,239,1
1412,239,170,1
1413,171,209,1
1414,209,171,1
1415,171,204,1
1416,204,171,1
1417,171,198,1
1418,198,171,1
1419,171,304,1
1420,304,171,1
1421,172,401,1
1422,401,172,1
1423,172,458,1
1424,458,172,1
1425,172,413,1
1426,413,172,1
1427,172,304,1
1428,304,172,1
1429,174,228,1
1430,228,174,1
1431,174,335,1
1432,335,174,1
1433,174,175,1
1434,175,174,1
1435,174,409,1
1436,409,174,1
1437,174,278,1
1438,278,174,1
1439,174,217,1
1440,217,174,1
1441,174,253,1
1442,253,174,1
1443,175,228,1
1444,228,175,1
1445,175,326,1
1446,326,175,1
1447,175,271,1
1448,271,175,1
1449,176,393,1
1450,393,176,1
1451,176,191,1
1452,191,176,1
1453,177,212,1
1454,212,177,1
1455,177,301,1
1456,301,177,1
1457,177,462,1
1458,462,177,1
1459,177,408,1
1460,408,177,1
1461,178,499,1
1462,499,178,1
1463,178,316,1
1464,316,178,1
1465,178,391,1
1466,391,178,1
1467,178,424,1
1468,424,178,1
1469,179,354,1
1470,354,179,1
1471,179,434,1
1472,434,179,1
1473,179,309,1
1474,309,179,1
1475,179,249,1
1476,249,179,1
1477,179,341,1
1478,341,179,1
1479,179,445,1
1480,445,179,1
1481,179,320,1
1482,320,179,1
1483,180,202,1
1484,202,180,1
1485,180,382,1
1486,382,180,1
1487,180,192,1
1488,192,180,1
1489,181,266,1
1490,266,181,1
1491,181,205,1
1492,205,181,1
1493,181,291,1
1494,291,181,1
1495,181,277,1
1496,277,181,1
1497,181,379,1
1498,379,181,1
1499,181,448,1
1500,448,181,1
1501,181,477,1
1502,477,181,1
1503,182,284,1
1504,284,182,1
1505,183,233,1
1506,233,183,1
1507,183,302,1
1508,302,183,1
1509,183,271,1
1510,271,183,1
1511,183,343,1
1512,343,183,1
1513,183,216,1
1514,216,183,1
1515,183,317,1
1516,317,183,1
1517,184,455,1
1518,455,184,1
1519,184,362,1
1520,362,184,1
1521,184,394,1
1522,394,184,1
1523,184,347,1
1524,347,184,1
1525,184,411,1
1526,411,184,1
1527,185,283,1
1528,283,185,1
1529,185,399,1
1530,399,185,1
1531,186,289,1
1532,289,186,1
1533,186,194,1
1534,194,186,1
1535,186,424,1
1536,424,186,1
1537,186,265,1
1538,265,186,1
1539,186,396,1
1540,396,186,1
1541,186,446,1
1542,446,186,1
1543,186,500,1
1544,500,186,1
1545,186,406,1
1546,406,186,1
1547,186,190,1
1548,190,186,1
1549,187,452,1
1550,452,187,1
1551,187,364,1
1552,364,187,1
1553,187,284,1
1554,284,187,1
1555,188,203,1
1556,203,188,1
1557,188,367,1
1558,367,188,1
1559,188,208,1
1560,208,188,1
1561,188,371,1
1562,371,188,1
1563,188,437,1
1564,437,188,1
1565,189,289,1
1566,289,189,1
1567,189,434,1
1568,434,189,1
1569,189,203,1
1570,203,189,1
1571,189,323,1
1572,323,189,1
1573,189,352,1
1574,352,189,1
1575,191,235,1
1576,235,191,1
1577,191,320,1
1578,320,191,1
1579,191,456,1
1580,456,191,1
1581,192,194,1
1582,194,192,1
1583,192,290,1
1584,290,192,1
1585,192,345,1
1586,345,192,1
1587,192,288,1
1588,288,192,1
1589,193,341,1
1590,341,193,1
1591,193,280,1
1592,280,193,1
1593,194,353,1
1594,353,194,1
1595,194,327,1
1596,327,194,1
1597,194,456,1
1598,456,194,1
1599,195,416,1
1600,416,195,1
1601,195,454,1
1602,454,195,1
1603,195,400,1
1604,400,195,1
1605,196,258,1
1606,258,196,1
1607,196,261,1
1608,261,196,1
1609,196,354,1
1610,354,196,1
1611,196,428,1
1612,428,196,1
1613,196,495,1
1614,495,196,1
1615,197,250,1
1616,250,197,1
1617,197,335,1
1618,335,197,1
1619,197,207,1
1620,207,197,1
1621,198,262,1
1622,262,198,1
1623,199,441,1
1624,441,199,1
1625,199,302,1
1626,302,199,1
1627,199,202,1
1628,202,199,1
1629,200,261,1
1630,261,200,1
1631,201,327,1
1632,327,201,1
1633,201,493,1
1634,493,201,1
1635,201,279,1
1636,279,201,1
1637,201,414,1
1638,414,201,1
1639,202,276,1
1640,276,202,1
1641,202,476,1
1642,476,202,1
1643,203,365,1
1644,365,203,1
1645,203,462,1
1646,462,203,1
1647,203,303,1
1648,303,203,1
1649,203,441,1
1650,441,203,1
1651,204,458,1
1652,458,204,1
1653,204,332,1
1654,332,204,1
1655,204,273,1
1656,273,204,1
1657,205,383,1
1658,383,205,1
1659,205,472,1
1660,472,205,1
1661,206,461,1
1662,461,206,1
1663,206,389,1
1664,389,206,1
1665,206,430,1
1666,430,206,1
1667,206,490,1
1668,490,206,1
1669,207,452,1
1670,452,207,1
1671,208,446,1
1672,446,208,1
1673,208,454,1
1674,454,208,1
1675,209,332,1
1676,332,209,1
1677,209,220,1
1678,220,209,1
1679,209,222,1
1680,222,209,1
1681,210,455,1
1682,455,210,1
1683,211,216,1
1684,216,211,1
1685,211,491,1
1686,491,211,1
1687,212,234,1
1688,234,212,1
1689,212,378,1
1690,378,212,1
1691,213,377,1
1692,377,213,1
1693,213,248,1
1694,248,213,1
1695,214,498,1
1696,498,214,1
1697,215,306,1
1698,306,215,1
1699,215,468,1
1700,468,215,1
1701,216,353,1
1702,353,216,1
1703,216,329,1
1704,329,216,1
1705,216,246,1
1706,246,216,1
1707,217,480,1
1708,480,217,1
1709,218,433,1
1710,433,218,1
1711,218,473,1
1712,473,218,1
1713,219,463,1
1714,463,219,1
1715,220,426,1
1716,426,220,1
1717,220,410,1
1718,410,220,1
1719,220,475,1
1720,475,220,1
1721,220,383,1
1722,383,220,1
1723,221,355,1
1724,355,221,1
1725,221,287,1
1726,287,221,1
1727,221,442,1
1728,442,221,1
1729,222,272,1
1730,272,222,1
1731,222,313,1
1732,313,222,1
1733,222,314,1
1734,314,222,1
1735,223,485,1
1736,485,223,1
1737,223,393,1
1738,393,223,1
1739,223,300,1
1740,300,223,1
1741,223,436,1
1742,436,223,1
1743,223,495,1
1744,495,223,1
1745,223,388,1
1746,388,223,1
1747,224,441,1
1748,441,224,1
1749,224,438,1
1750,438,224,1
1751,225,385,1
1752,385,225,1
1753,225,363,1
1754,363,225,1
1755,225,312,1
1756,312,225,1
1757,225,314,1
1758,314,225,1
1759,226,297,1
1760,297,226,1
1761,226,442,1
1762,442,226,1
1763,226,493,1
1764,493,226,1
1765,227,260,1
1766,260,227,1
1767,227,491,1
1768,491,227,1
1769,227,370,1
1770,370,227,1
1771,227,405,1
1772,405,227,1
1773,227,248,1
1774,248,227,1
1775,227,416,1
1776,416,227,1
1777,228,432,1
1778,432,228,1
1779,228,405,1
1780,405,228,1
1781,228,279,1
1782,279,228,1
1783,229,251,1
1784,251,229,1
1785,229,354,1
1786,354,229,1
1787,230,281,1
1788,281,230,1
1789,230,468,1
1790,468,230,1
1791,231,481,1
1792,481,231,1
1793,231,354,1
1794,354,231,1
1795,231,447,1
1796,447,231,1
1797,232,419,1
1798,419,232,1
1799,232,260,1
1800,260,232,1
1801,232,365,1
1802,365,232,1
1803,232,398,1
1804,398,232,1
1805,232,282,1
1806,282,232,1
1807,232,285,1
1808,285,232,1
1809,233,345,1
1810,345,233,1
1811,234,424,1
1812,424,234,1
1813,234,322,1
1814,322,234,1
1815,234,251,1
1816,251,234,1
1817,234,480,1
1818,480,234,1
1819,235,370,1
1820,370,235,1
1821,235,331,1
1822,331,235,1
1823,235,303,1
1824,303,235,1
1825,235,499,1
1826,499,235,1
1827,235,436,1
1828,436,235,1
1829,235,344,1
1830,344,235,1
1831,236,443,1
1832,443,236,1
1833,236,383,1
1834,383,236,1
1835,237,437,1
1836,437,237,1
1837,238,391,1
1838,391,238,1
1839,238,239,1
1840,239,238,1
1841,238,334,1
1842,334,238,1
1843,239,372,1
1844,372,239,1
1845,239,317,1
1846,317,239,1
1847,240,273,1
1848,273,240,1
1849,240,396,1
1850,396,240,1
1851,240,282,1
1852,282,240,1
1853,241,402,1
1854,402,241,1
1855,241,461,1
1856,461,241,1
1857,241,267,1
1858,267,241,1
1859,242,265,1
1860,265,242,1
1861,242,436,1
1862,436,242,1
1863,242,365,1
1864,365,242,1
1865,243,362,1
1866,362,243,1
1867,243,369,1
1868,369,243,1
1869,243,339,1
1870,339,243,1
1871,243,458,1
1872,458,243,1
1873,243,473,1
1874,473,243,1
1875,243,346,1
1876,346,243,1
1877,243,318,1
1878,318,243,1
1879,244,454,1
1880,454,244,1
1881,244,363,1
1882,363,244,1
1883,244,440,1
1884,440,244,1
1885,244,381,1
1886,381,244,1
1887,244,480,1
1888,480,244,1
1889,245,330,1
1890,330,245,1
1891,245,431,1
1892,431,245,1
1893,246,449,1
1894,449,246,1
1895,246,363,1
1896,363,246,1
1897,246,439,1
1898,439,246,1
1899,247,300,1
1900,300,247,1
1901,247,435,1
1902,435,247,1
1903,247,288,1
1904,288,247,1
1905,248,329,1
1906,329,248,1
1907,248,429,1
1908,429,248,1
1909,249,456,1
1910,456,249,1
1911,249,347,1
1912,347,249,1
1913,249,475,1
1914,475,249,1
1915,250,490,1
1916,490,250,1
1917,250,310,1
1918,310,250,1
1919,250,415,1
1920,415,250,1
1921,250,448,1
1922,448,250,1
1923,251,258,1
1924,258,251,1
1925,251,482,1
1926,482,251,1
1927,252,430,1
1928,430,252,1
1929,252,465,1
1930,465,252,1
1931,253,457,1
1932,457,253,1
1933,253,378,1
1934,378,253,1
1935,253,492,1
1936,492,253,1
1937,254,305,1
1938,305,254,1
1939,254,369,1
1940,369,254,1
1941,254,332,1
1942,332,254,1
1943,254,316,1
1944,316,254,1
1945,255,279,1
1946,279,255,1
1947,256,338,1
1948,338,256,1
1949,256,460,1
1950,460,256,1
1951,256,430,1
1952,430,256,1
1953,256,287,1
1954,287,256,1
1955,257,423,1
1956,423,257,1
1957,257,455,1
1958,455,257,1
1959,257,404,1
1960,404,257,1
1961,257,347,1
1962,347,257,1
1963,257,379,1
1964,379,257,1
1965,258,354,1
1966,354,258,1
1967,258,264,1
1968,264,258,1
1969,259,353,1
1970,353,259,1
1971,259,410,1
1972,410,259,1
1973,259,499,1
1974,499,259,1
1975,260,485,1
1976,485,260,1
1977,260,407,1
1978,407,260,1
1979,261,428,1
1980,428,261,1
1981,262,492,1
1982,492,262,1
1983,262,401,1
1984,401,262,1
1985,262,348,1
1986,348,262,1
1987,262,351,1
1988,351,262,1
1989,263,327,1
1990,327,263,1
1991,263,395,1
1992,395,263,1
1993,263,488,1
1994,488,263,1
1995,263,402,1
1996,402,263,1
1997,263,477,1
1998,477,263,1
1999,264,485,1
2000,485,264,1
2001,264,464,1
2002,464,264,1
2003,264,467,1
2004,467,264,1
2005,264,477,1
2006,477,264,1
2007,265,336,1
2008,336,265,1
2009,265,278,1
2010,278,265,1
2011,266,289,1
2012,289,266,1
2013,266,348,1
2014,348,266,1
2015,267,484,1
2016,484,267,1
2017,267,485,1
2018,485,267,1
2019,267,402,1
2020,402,267,1
2021,268,339,1
2022,339,268,1
2023,268,328,1
2024,328,268,1
2025,271,339,1
2026,339,271,1
2027,272,426,1
2028,426,272,1
2029,272,376,1
2030,376,272,1
2031,273,400,1
2032,400,273,1
2033,273,342,1
2034,342,273,1
2035,274,386,1
2036,386,274,1
2037,274,418,1
2038,418,274,1
2039,274,431,1
2040,431,274,1
2041,275,313,1
2042,313,275,1
2043,275,439,1
2044,439,275,1
2045,275,360,1
2046,360,275,1
2047,276,452,1
2048,452,276,1
2049,276,298,1
2050,298,276,1
2051,276,314,1
2052,314,276,1
2053,277,471,1
2054,471,277,1
2055,277,296,1
2056,296,277,1
2057,278,338,1
2058,338,278,1
2059,278,441,1
2060,441,278,1
2061,278,418,1
2062,418,278,1
2063,279,467,1
2064,467,279,1
2065,280,416,1
2066,416,280,1
2067,280,493,1
2068,493,280,1
2069,281,337,1
2070,337,281,1
2071,281,438,1
2072,438,281,1
2073,281,409,1
2074,409,281,1
2075,282,290,1
2076,290,282,1
2077,282,366,1
2078,366,282,1
2079,282,464,1
2080,464,282,1
2081,283,388,1
2082,388,283,1
2083,283,302,1
2084,302,283,1
2085,283,319,1
2086,319,283,1
2087,284,422,1
2088,422,284,1
2089,285,361,1
2090,361,285,1
2091,285,307,1
2092,307,285,1
2093,285,438,1
2094,438,285,1
2095,286,483,1
2096,483,286,1
2097,286,420,1
2098,420,286,1
2099,287,418,1
2100,418,287,1
2101,287,453,1
2102,453,287,1
2103,287,400,1
2104,400,287,1
2105,287,318,1
2106,318,287,1
2107,288,296,1
2108,296,288,1
2109,288,383,1
2110,383,288,1
2111,289,390,1
2112,390,289,1
2113,289,456,1
2114,456,289,1
2115,289,341,1
2116,341,289,1
2117,289,446,1
2118,446,289,1
2119,290,454,1
2120,454,290,1
2121,290,359,1
2122,359,290,1
2123,290,445,1
2124,445,290,1
2125,291,394,1
2126,394,291,1
2127,291,304,1
2128,304,291,1
2129,292,447,1
2130,447,292,1
2131,292,500,1
2132,500,292,1
2133,293,470,1
2134,470,293,1
2135,294,321,1
2136,321,294,1
2137,295,402,1
2138,402,295,1
2139,296,334,1
2140,334,296,1
2141,296,377,1
2142,377,296,1
2143,296,379,1
2144,379,296,1
2145,297,458,1
2146,458,297,1
2147,297,303,1
2148,303,297,1
2149,297,474,1
2150,474,297,1
2151,297,318,1
2152,318,297,1
2153,297,479,1
2154,479,297,1
2155,299,344,1
2156,344,299,1
2157,301,467,1
2158,467,301,1
2159,301,349,1
2160,349,301,1
2161,301,496,1
2162,496,301,1
2163,303,334,1
2164,334,303,1
2165,303,442,1
2166,442,303,1
2167,304,334,1
2168,334,304,1
2169,304,462,1
2170,462,304,1
2171,304,497,1
2172,497,304,1
2173,304,324,1
2174,324,304,1
2175,304,496,1
2176,496,304,1
2177,304,331,1
2178,331,304,1
2179,305,321,1
2180,321,305,1
2181,305,448,1
2182,448,305,1
2183,307,343,1
2184,343,307,1
2185,308,474,1
2186,474,308,1
2187,309,457,1
2188,457,309,1
2189,309,413,1
2190,413,309,1
2191,309,335,1
2192,335,309,1
2193,311,403,1
2194,403,311,1
2195,312,417,1
2196,417,312,1
2197,312,352,1
2198,352,312,1
2199,313,436,1
2200,436,313,1
2201,313,432,1
2202,432,313,1
2203,314,407,1
2204,407,314,1
2205,315,467,1
2206,467,315,1
2207,315,487,1
2208,487,315,1
2209,316,388,1
2210,388,316,1
2211,317,392,1
2212,392,317,1
2213,317,478,1
2214,478,317,1
2215,317,414,1
2216,414,317,1
2217,318,450,1
2218,450,318,1
2219,318,465,1
2220,465,318,1
2221,318,436,1
2222,436,318,1
2223,319,486,1
2224,486,319,1
2225,319,370,1
2226,370,319,1
2227,319,364,1
2228,364,319,1
2229,319,463,1
2230,463,319,1
2231,320,495,1
2232,495,320,1
2233,320,439,1
2234,439,320,1
2235,320,378,1
2236,378,320,1
2237,321,362,1
2238,362,321,1
2239,321,436,1
2240,436,321,1
2241,322,450,1
2242,450,322,1
2243,323,366,1
2244,366,323,1
2245,323,497,1
2246,497,323,1
2247,323,352,1
2248,352,323,1
2249,324,376,1
2250,376,324,1
2251,325,384,1
2252,384,325,1
2253,326,448,1
2254,448,326,1
2255,326,429,1
2256,429,326,1
2257,326,460,1
2258,460,326,1
2259,326,432,1
2260,432,326,1
2261,327,412,1
2262,412,327,1
2263,327,422,1
2264,422,327,1
2265,328,481,1
2266,481,328,1
2267,328,487,1
2268,487,328,1
2269,328,329,1
2270,329,328,1
2271,328,469,1
2272,469,328,1
2273,328,496,1
2274,496,328,1
2275,328,480,1
2276,480,328,1
2277,329,458,1
2278,458,329,1
2279,329,453,1
2280,453,329,1
2281,329,362,1
2282,362,329,1
2283,330,492,1
2284,492,330,1
2285,330,447,1
2286,447,330,1
2287,331,385,1
2288,385,331,1
2289,331,399,1
2290,399,331,1
2291,332,478,1
2292,478,332,1
2293,333,362,1
2294,362,333,1
2295,333,437,1
2296,437,333,1
2297,335,339,1
2298,339,335,1
2299,335,437,1
2300,437,335,1
2301,337,366,1
2302,366,337,1
2303,337,353,1
2304,353,337,1
2305,338,459,1
2306,459,338,1
2307,338,418,1
2308,418,338,1
2309,338,339,1
2310,339,338,1
2311,339,414,1
2312,414,339,1
2313,340,450,1
2314,450,340,1
2315,340,372,1
2316,372,340,1
2317,340,398,1
2318,398,340,1
2319,341,450,1
2320,450,341,1
2321,341,462,1
2322,462,341,1
2323,342,428,1
2324,428,342,1
2325,342,500,1
2326,500,342,1
2327,343,435,1
2328,435,343,1
2329,343,406,1
2330,406,343,1
2331,344,500,1
2332,500,344,1
2333,344,387,1
2334,387,344,1
2335,345,401,1
2336,401,345,1
2337,347,490,1
2338,490,347,1
2339,347,366,1
2340,366,347,1
2341,347,473,1
2342,473,347,1
2343,348,364,1
2344,364,348,1
2345,349,353,1
2346,353,349,1
2347,349,374,1
2348,374,349,1
2349,351,374,1
2350,374,351,1
2351,351,375,1
2352,375,351,1
2353,352,429,1
2354,429,352,1
2355,352,409,1
2356,409,352,1
2357,353,356,1
2358,356,353,1
2359,353,459,1
2360,459,353,1
2361,353,401,1
2362,401,353,1
2363,354,495,1
2364,495,354,1
2365,354,382,1
2366,382,354,1
2367,355,441,1
2368,441,355,1
2369,355,413,1
2370,413,355,1
2371,355,416,1
2372,416,355,1
2373,356,471,1
2374,471,356,1
2375,360,466,1
2376,466,360,1
2377,360,452,1
2378,452,360,1
2379,360,484,1
2380,484,360,1
2381,361,394,1
2382,394,361,1
2383,361,493,1
2384,493,361,1
2385,362,455,1
2386,455,362,1
2387,363,471,1
2388,471,363,1
2389,365,472,1
2390,472,365,1
2391,366,388,1
2392,388,366,1
2393,366,439,1
2394,439,366,1
2395,367,487,1
2396,487,367,1
2397,368,381,1
2398,381,368,1
2399,369,453,1
2400,453,369,1
2401,371,447,1
2402,447,371,1
2403,372,387,1
2404,387,372,1
2405,372,395,1
2406,395,372,1
2407,373,440,1
2408,440,373,1
2409,374,431,1
2410,431,374,1
2411,376,497,1
2412,497,376,1
2413,377,417,1
2414,417,377,1
2415,377,413,1
2416,413,377,1
2417,378,445,1
2418,445,378,1
2419,379,425,1
2420,425,379,1
2421,380,490,1
2422,490,380,1
2423,381,390,1
2424,390,381,1
2425,381,491,1
2426,491,381,1
2427,382,419,1
2428,419,382,1
2429,384,458,1
2430,458,384,1
2431,384,439,1
2432,439,384,1
2433,385,461,1
2434,461,385,1
2435,385,417,1
2436,417,385,1
2437,385,415,1
2438,415,385,1
2439,386,493,1
2440,493,386,1
2441,388,421,1
2442,421,388,1
2443,388,397,1
2444,397,388,1
2445,389,394,1
2446,394,389,1
2447,390,486,1
2448,486,390,1
2449,390,440,1
2450,440,390,1
2451,391,401,1
2452,401,391,1
2453,392,407,1
2454,407,392,1
2455,393,499,1
2456,499,393,1
2457,394,416,1
2458,416,394,1
2459,399,469,1
2460,469,399,1
2461,400,424,1
2462,424,400,1
2463,401,482,1
2464,482,401,1
2465,401,474,1
2466,474,401,1
2467,404,500,1
2468,500,404,1
2469,406,425,1
2470,425,406,1
2471,406,490,1
2472,490,406,1
2473,410,467,1
2474,467,410,1
2475,410,477,1
2476,477,410,1
2477,410,444,1
2478,444,410,1
2479,413,421,1
2480,421,413,1
2481,413,441,1
2482,441,413,1
2483,415,420,1
2484,420,415,1
2485,417,480,1
2486,480,417,1
2487,421,447,1
2488,447,421,1
2489,422,463,1
2490,463,422,1
2491,422,428,1
2492,428,422,1
2493,423,471,1
2494,471,423,1
2495,424,482,1
2496,482,424,1
2497,424,430,1
2498,430,424,1
2499,427,488,1
2500,488,427,1
2501,427,471,1
2502,471,427,1
2503,429,498,1
2504,498,429,1
2505,431,462,1
2506,462,431,1
2507,431,435,1
2508,435,431,1
2509,432,433,1
2510,433,432,1
2511,432,491,1
2512,491,432,1
2513,435,463,1
2514,463,435,1
2515,435,470,1
2516,470,435,1
2517,440,484,1
2518,484,440,1
2519,440,445,1
2520,445,440,1
2521,443,475,1
2522,475,443,1
2523,443,480,1
2524,480,443,1
2525,445,481,1
2526,481,445,1
2527,448,483,1
2528,483,448,1
2529,448,490,1
2530,490,448,1
2531,451,481,1
2532,481,451,1
2533,452,500,1
2534,500,452,1
2535,454,459,1
2536,459,454,1
2537,455,493,1
2538,493,455,1
2539,455,468,1
2540,468,455,1
2541,462,500,1
2542,500,462,1
2543,462,471,1
2544,471,462,1
2545,462,475,1
2546,475,462,1
2547,471,472,1
2548,472,471,1
2549,475,482,1
2550,482,475,1
2551,488,495,1
2552,495,488,1
2553,490,495,1
2554,495,490,1
2555,493,499,1
2556,499,493,1
