id,from_node_id,to_node_id,status
1,284,244,1
2,244,284,1
3,284,285,1
4,285,284,1
5,284,324,1
6,324,284,1
7,284,283,1
8,283,284,1
9,232,231,1
10,231,232,1
11,232,192,1
12,192,232,1
13,232,272,1
14,272,232,1
15,232,233,1
16,233,232,1
17,826,866,1
18,866,826,1
19,826,786,1
20,786,826,1
21,826,827,1
22,827,826,1
23,826,825,1
24,825,826,1
25,156,157,1
26,157,156,1
27,156,155,1
28,155,156,1
29,156,116,1
30,116,156,1
31,156,196,1
32,196,156,1
33,650,651,1
34,651,650,1
35,650,649,1
36,649,650,1
37,650,690,1
38,690,650,1
39,650,610,1
40,610,650,1
41,269,309,1
42,309,269,1
43,269,268,1
44,268,269,1
45,269,229,1
46,229,269,1
47,269,270,1
48,270,269,1
49,869,909,1
50,909,869,1
51,869,829,1
52,829,869,1
53,869,870,1
54,870,869,1
55,869,868,1
56,868,869,1
57,197,198,1
58,198,197,1
59,197,237,1
60,237,197,1
61,197,157,1
62,157,197,1
63,197,196,1
64,196,197,1
65,765,805,1
66,805,765,1
67,765,766,1
68,766,765,1
69,765,725,1
70,725,765,1
71,765,764,1
72,764,765,1
73,701,702,1
74,702,701,1
75,701,700,1
76,700,701,1
77,701,741,1
78,741,701,1
79,701,661,1
80,661,701,1
81,306,346,1
82,346,306,1
83,306,266,1
84,266,306,1
85,306,305,1
86,305,306,1
87,306,307,1
88,307,306,1
89,900,940,1
90,940,900,1
91,900,899,1
92,899,900,1
93,900,901,1
94,901,900,1
95,900,860,1
96,860,900,1
97,808,768,1
98,768,808,1
99,808,848,1
100,848,808,1
101,808,807,1
102,807,808,1
103,808,809,1
104,809,808,1
105,740,741,1
106,741,740,1
107,740,700,1
108,700,740,1
109,740,780,1
110,780,740,1
111,740,739,1
112,739,740,1
113,947,948,1
114,948,947,1
115,947,907,1
116,907,947,1
117,947,987,1
118,987,947,1
119,947,946,1
120,946,947,1
121,847,846,1
122,846,847,1
123,847,848,1
124,848,847,1
125,847,807,1
126,807,847,1
127,847,887,1
128,887,847,1
129,326,327,1
130,327,326,1
131,326,366,1
132,366,326,1
133,326,286,1
134,286,326,1
135,326,325,1
136,325,326,1
137,553,554,1
138,554,553,1
139,553,552,1
140,552,553,1
141,553,593,1
142,593,553,1
143,553,513,1
144,513,553,1
145,361,401,1
146,401,361,1
147,361,321,1
148,321,361,1
149,361,362,1
150,362,361,1
151,592,593,1
152,593,592,1
153,592,552,1
154,552,592,1
155,592,632,1
156,632,592,1
157,592,591,1
158,591,592,1
159,408,448,1
160,448,408,1
161,408,407,1
162,407,408,1
163,408,409,1
164,409,408,1
165,408,368,1
166,368,408,1
167,631,671,1
168,671,631,1
169,631,630,1
170,630,631,1
171,631,632,1
172,632,631,1
173,631,591,1
174,591,631,1
175,463,464,1
176,464,463,1
177,463,423,1
178,423,463,1
179,463,503,1
180,503,463,1
181,463,462,1
182,462,463,1
183,18,17,1
184,17,18,1
185,18,58,1
186,58,18,1
187,18,19,1
188,19,18,1
189,975,935,1
190,935,975,1
191,975,974,1
192,974,975,1
193,975,976,1
194,976,975,1
195,562,522,1
196,522,562,1
197,562,563,1
198,563,562,1
199,562,561,1
200,561,562,1
201,562,602,1
202,602,562,1
203,498,538,1
204,538,498,1
205,498,499,1
206,499,498,1
207,498,458,1
208,458,498,1
209,498,497,1
210,497,498,1
211,69,70,1
212,70,69,1
213,69,68,1
214,68,69,1
215,69,109,1
216,109,69,1
217,69,29,1
218,29,69,1
219,605,565,1
220,565,605,1
221,605,606,1
222,606,605,1
223,605,604,1
224,604,605,1
225,605,645,1
226,645,605,1
227,541,581,1
228,581,541,1
229,541,501,1
230,501,541,1
231,541,542,1
232,542,541,1
233,541,540,1
234,540,541,1
235,108,109,1
236,109,108,1
237,108,68,1
238,68,108,1
239,108,148,1
240,148,108,1
241,108,107,1
242,107,108,1
243,123,163,1
244,163,123,1
245,123,122,1
246,122,123,1
247,123,124,1
248,124,123,1
249,123,83,1
250,83,123,1
251,635,636,1
252,636,635,1
253,635,595,1
254,595,635,1
255,635,675,1
256,675,635,1
257,635,634,1
258,634,635,1
259,166,167,1
260,167,166,1
261,166,165,1
262,165,166,1
263,166,206,1
264,206,166,1
265,166,126,1
266,126,166,1
267,800,760,1
268,760,800,1
269,800,840,1
270,840,800,1
271,800,799,1
272,799,800,1
273,225,226,1
274,226,225,1
275,225,224,1
276,224,225,1
277,225,265,1
278,265,225,1
279,225,185,1
280,185,225,1
281,833,793,1
282,793,833,1
283,833,832,1
284,832,833,1
285,833,834,1
286,834,833,1
287,833,873,1
288,873,833,1
289,641,642,1
290,642,641,1
291,641,681,1
292,681,641,1
293,641,601,1
294,601,641,1
295,264,265,1
296,265,264,1
297,264,224,1
298,224,264,1
299,264,304,1
300,304,264,1
301,264,263,1
302,263,264,1
303,878,838,1
304,838,878,1
305,878,879,1
306,879,878,1
307,878,877,1
308,877,878,1
309,878,918,1
310,918,878,1
311,196,195,1
312,195,196,1
313,196,236,1
314,236,196,1
315,774,814,1
316,814,774,1
317,774,734,1
318,734,774,1
319,774,773,1
320,773,774,1
321,774,775,1
322,775,774,1
323,713,753,1
324,753,713,1
325,713,673,1
326,673,713,1
327,713,714,1
328,714,713,1
329,713,712,1
330,712,713,1
331,359,358,1
332,358,359,1
333,359,319,1
334,319,359,1
335,359,399,1
336,399,359,1
337,359,360,1
338,360,359,1
339,303,343,1
340,343,303,1
341,303,302,1
342,302,303,1
343,303,304,1
344,304,303,1
345,303,263,1
346,263,303,1
347,235,195,1
348,195,235,1
349,235,275,1
350,275,235,1
351,235,236,1
352,236,235,1
353,235,234,1
354,234,235,1
355,815,855,1
356,855,815,1
357,815,814,1
358,814,815,1
359,815,816,1
360,816,815,1
361,815,775,1
362,775,815,1
363,400,440,1
364,440,400,1
365,400,399,1
366,399,400,1
367,400,360,1
368,360,400,1
369,679,678,1
370,678,679,1
371,679,639,1
372,639,679,1
373,679,719,1
374,719,679,1
375,679,680,1
376,680,679,1
377,856,855,1
378,855,856,1
379,856,816,1
380,816,856,1
381,856,896,1
382,896,856,1
383,856,857,1
384,857,856,1
385,437,436,1
386,436,437,1
387,437,438,1
388,438,437,1
389,437,477,1
390,477,437,1
391,437,397,1
392,397,437,1
393,333,293,1
394,293,333,1
395,333,332,1
396,332,333,1
397,333,334,1
398,334,333,1
399,333,373,1
400,373,333,1
401,893,933,1
402,933,893,1
403,893,892,1
404,892,893,1
405,893,853,1
406,853,893,1
407,893,894,1
408,894,893,1
409,370,330,1
410,330,370,1
411,370,371,1
412,371,370,1
413,370,369,1
414,369,370,1
415,370,410,1
416,410,370,1
417,930,970,1
418,970,930,1
419,930,890,1
420,890,930,1
421,930,929,1
422,929,930,1
423,930,931,1
424,931,930,1
425,415,416,1
426,416,415,1
427,415,414,1
428,414,415,1
429,415,375,1
430,375,415,1
431,415,455,1
432,455,415,1
433,339,379,1
434,379,339,1
435,339,338,1
436,338,339,1
437,339,340,1
438,340,339,1
439,339,299,1
440,299,339,1
441,456,416,1
442,416,456,1
443,456,457,1
444,457,456,1
445,456,496,1
446,496,456,1
447,456,455,1
448,455,456,1
449,380,379,1
450,379,380,1
451,380,340,1
452,340,380,1
453,380,420,1
454,420,380,1
455,380,381,1
456,381,380,1
457,982,983,1
458,983,982,1
459,982,942,1
460,942,982,1
461,982,981,1
462,981,982,1
463,569,568,1
464,568,569,1
465,569,570,1
466,570,569,1
467,569,609,1
468,609,569,1
469,569,529,1
470,529,569,1
471,489,449,1
472,449,489,1
473,489,488,1
474,488,489,1
475,489,490,1
476,490,489,1
477,489,529,1
478,529,489,1
479,62,63,1
480,63,62,1
481,62,102,1
482,102,62,1
483,62,22,1
484,22,62,1
485,62,61,1
486,61,62,1
487,614,613,1
488,613,614,1
489,614,615,1
490,615,614,1
491,614,654,1
492,654,614,1
493,614,574,1
494,574,614,1
495,534,494,1
496,494,534,1
497,534,535,1
498,535,534,1
499,534,533,1
500,533,534,1
501,534,574,1
502,574,534,1
503,99,59,1
504,59,99,1
505,99,139,1
506,139,99,1
507,99,100,1
508,100,99,1
509,99,98,1
510,98,99,1
511,15,14,1
512,14,15,1
513,15,55,1
514,55,15,1
515,15,16,1
516,16,15,1
517,132,133,1
518,133,132,1
519,132,131,1
520,131,132,1
521,132,92,1
522,92,132,1
523,132,172,1
524,172,132,1
525,56,96,1
526,96,56,1
527,56,57,1
528,57,56,1
529,56,55,1
530,55,56,1
531,56,16,1
532,16,56,1
533,173,174,1
534,174,173,1
535,173,213,1
536,213,173,1
537,173,133,1
538,133,173,1
539,173,172,1
540,172,173,1
541,93,92,1
542,92,93,1
543,93,94,1
544,94,93,1
545,93,133,1
546,133,93,1
547,93,53,1
548,53,93,1
549,37,36,1
550,36,37,1
551,37,38,1
552,38,37,1
553,37,77,1
554,77,37,1
555,994,993,1
556,993,994,1
557,994,995,1
558,995,994,1
559,994,954,1
560,954,994,1
561,202,203,1
562,203,202,1
563,202,242,1
564,242,202,1
565,202,162,1
566,162,202,1
567,202,201,1
568,201,202,1
569,138,137,1
570,137,138,1
571,138,139,1
572,139,138,1
573,138,178,1
574,178,138,1
575,138,98,1
576,98,138,1
577,74,34,1
578,34,74,1
579,74,75,1
580,75,74,1
581,74,73,1
582,73,74,1
583,74,114,1
584,114,74,1
585,648,647,1
586,647,648,1
587,648,649,1
588,649,648,1
589,648,608,1
590,608,648,1
591,648,688,1
592,688,648,1
593,255,215,1
594,215,255,1
595,255,295,1
596,295,255,1
597,255,256,1
598,256,255,1
599,255,254,1
600,254,255,1
601,779,819,1
602,819,779,1
603,779,778,1
604,778,779,1
605,779,780,1
606,780,779,1
607,779,739,1
608,739,779,1
609,119,120,1
610,120,119,1
611,119,118,1
612,118,119,1
613,119,79,1
614,79,119,1
615,119,159,1
616,159,119,1
617,687,688,1
618,688,687,1
619,687,647,1
620,647,687,1
621,687,727,1
622,727,687,1
623,687,686,1
624,686,687,1
625,296,297,1
626,297,296,1
627,296,295,1
628,295,296,1
629,296,256,1
630,256,296,1
631,296,336,1
632,336,296,1
633,822,821,1
634,821,822,1
635,822,862,1
636,862,822,1
637,822,823,1
638,823,822,1
639,822,782,1
640,782,822,1
641,726,686,1
642,686,726,1
643,726,727,1
644,727,726,1
645,726,725,1
646,725,726,1
647,726,766,1
648,766,726,1
649,670,710,1
650,710,670,1
651,670,630,1
652,630,670,1
653,670,671,1
654,671,670,1
655,670,669,1
656,669,670,1
657,273,272,1
658,272,273,1
659,273,274,1
660,274,273,1
661,273,313,1
662,313,273,1
663,273,233,1
664,233,273,1
665,849,850,1
666,850,849,1
667,849,848,1
668,848,849,1
669,849,889,1
670,889,849,1
671,849,809,1
672,809,849,1
673,705,745,1
674,745,705,1
675,705,665,1
676,665,705,1
677,705,706,1
678,706,705,1
679,705,704,1
680,704,705,1
681,318,317,1
682,317,318,1
683,318,319,1
684,319,318,1
685,318,358,1
686,358,318,1
687,318,278,1
688,278,318,1
689,888,848,1
690,848,888,1
691,888,928,1
692,928,888,1
693,888,889,1
694,889,888,1
695,888,887,1
696,887,888,1
697,752,753,1
698,753,752,1
699,752,792,1
700,792,752,1
701,752,751,1
702,751,752,1
703,752,712,1
704,712,752,1
705,927,967,1
706,967,927,1
707,927,926,1
708,926,927,1
709,927,928,1
710,928,927,1
711,927,887,1
712,887,927,1
713,410,409,1
714,409,410,1
715,410,450,1
716,450,410,1
717,410,411,1
718,411,410,1
719,346,345,1
720,345,346,1
721,346,386,1
722,386,346,1
723,346,347,1
724,347,346,1
725,445,446,1
726,446,445,1
727,445,485,1
728,485,445,1
729,445,405,1
730,405,445,1
731,445,444,1
732,444,445,1
733,381,382,1
734,382,381,1
735,381,421,1
736,421,381,1
737,381,341,1
738,341,381,1
739,989,949,1
740,949,989,1
741,989,988,1
742,988,989,1
743,989,990,1
744,990,989,1
745,580,620,1
746,620,580,1
747,580,581,1
748,581,580,1
749,580,579,1
750,579,580,1
751,580,540,1
752,540,580,1
753,488,448,1
754,448,488,1
755,488,528,1
756,528,488,1
757,488,487,1
758,487,488,1
759,420,421,1
760,421,420,1
761,420,460,1
762,460,420,1
763,420,419,1
764,419,420,1
765,611,612,1
766,612,611,1
767,611,571,1
768,571,611,1
769,611,651,1
770,651,611,1
771,611,610,1
772,610,611,1
773,527,526,1
774,526,527,1
775,527,528,1
776,528,527,1
777,527,487,1
778,487,527,1
779,527,567,1
780,567,527,1
781,467,507,1
782,507,467,1
783,467,466,1
784,466,467,1
785,467,468,1
786,468,467,1
787,467,427,1
788,427,467,1
789,6,46,1
790,46,6,1
791,6,7,1
792,7,6,1
793,6,5,1
794,5,6,1
795,955,956,1
796,956,955,1
797,955,915,1
798,915,955,1
799,955,995,1
800,995,955,1
801,955,954,1
802,954,955,1
803,510,511,1
804,511,510,1
805,510,509,1
806,509,510,1
807,510,550,1
808,550,510,1
809,510,470,1
810,470,510,1
811,41,81,1
812,81,41,1
813,41,1,1
814,1,41,1
815,41,42,1
816,42,41,1
817,172,171,1
818,171,172,1
819,172,212,1
820,212,172,1
821,88,128,1
822,128,88,1
823,88,87,1
824,87,88,1
825,88,89,1
826,89,88,1
827,88,48,1
828,48,88,1
829,211,171,1
830,171,211,1
831,211,212,1
832,212,211,1
833,211,251,1
834,251,211,1
835,211,210,1
836,210,211,1
837,143,144,1
838,144,143,1
839,143,103,1
840,103,143,1
841,143,183,1
842,183,143,1
843,143,142,1
844,142,143,1
845,242,243,1
846,243,242,1
847,242,241,1
848,241,242,1
849,242,282,1
850,282,242,1
851,178,179,1
852,179,178,1
853,178,218,1
854,218,178,1
855,178,177,1
856,177,178,1
857,788,789,1
858,789,788,1
859,788,787,1
860,787,788,1
861,788,748,1
862,748,788,1
863,788,828,1
864,828,788,1
865,114,113,1
866,113,114,1
867,114,154,1
868,154,114,1
869,114,115,1
870,115,114,1
871,285,245,1
872,245,285,1
873,285,286,1
874,286,285,1
875,285,325,1
876,325,285,1
877,917,957,1
878,957,917,1
879,917,916,1
880,916,917,1
881,917,877,1
882,877,917,1
883,917,918,1
884,918,917,1
885,221,261,1
886,261,221,1
887,221,181,1
888,181,221,1
889,221,222,1
890,222,221,1
891,221,220,1
892,220,221,1
893,829,830,1
894,830,829,1
895,829,789,1
896,789,829,1
897,829,828,1
898,828,829,1
899,661,621,1
900,621,661,1
901,661,660,1
902,660,661,1
903,661,662,1
904,662,661,1
905,268,308,1
906,308,268,1
907,268,267,1
908,267,268,1
909,268,228,1
910,228,268,1
911,858,859,1
912,859,858,1
913,858,898,1
914,898,858,1
915,858,818,1
916,818,858,1
917,858,857,1
918,857,858,1
919,762,761,1
920,761,762,1
921,762,763,1
922,763,762,1
923,762,802,1
924,802,762,1
925,762,722,1
926,722,762,1
927,698,658,1
928,658,698,1
929,698,699,1
930,699,698,1
931,698,697,1
932,697,698,1
933,698,738,1
934,738,698,1
935,315,316,1
936,316,315,1
937,315,275,1
938,275,315,1
939,315,355,1
940,355,315,1
941,315,314,1
942,314,315,1
943,911,871,1
944,871,911,1
945,911,951,1
946,951,911,1
947,911,912,1
948,912,911,1
949,911,910,1
950,910,911,1
951,480,440,1
952,440,480,1
953,480,520,1
954,520,480,1
955,480,479,1
956,479,480,1
957,743,744,1
958,744,743,1
959,743,742,1
960,742,743,1
961,743,703,1
962,703,743,1
963,743,783,1
964,783,743,1
965,952,953,1
966,953,952,1
967,952,951,1
968,951,952,1
969,952,912,1
970,912,952,1
971,952,992,1
972,992,952,1
973,513,473,1
974,473,513,1
975,513,512,1
976,512,513,1
977,513,514,1
978,514,513,1
979,321,322,1
980,322,321,1
981,321,281,1
982,281,321,1
983,558,518,1
984,518,558,1
985,558,559,1
986,559,558,1
987,558,557,1
988,557,558,1
989,558,598,1
990,598,558,1
991,390,391,1
992,391,390,1
993,390,430,1
994,430,390,1
995,390,350,1
996,350,390,1
997,390,389,1
998,389,390,1
999,587,588,1
1000,588,587,1
1001,587,586,1
1002,586,587,1
1003,587,547,1
1004,547,587,1
1005,587,627,1
1006,627,587,1
1007,427,387,1
1008,387,427,1
1009,427,428,1
1010,428,427,1
1011,427,426,1
1012,426,427,1
1013,620,621,1
1014,621,620,1
1015,620,660,1
1016,660,620,1
1017,620,619,1
1018,619,620,1
1019,460,461,1
1020,461,460,1
1021,460,459,1
1022,459,460,1
1023,460,500,1
1024,500,460,1
1025,29,28,1
1026,28,29,1
1027,29,30,1
1028,30,29,1
1029,970,969,1
1030,969,970,1
1031,970,971,1
1032,971,970,1
1033,501,502,1
1034,502,501,1
1035,501,461,1
1036,461,501,1
1037,501,500,1
1038,500,501,1
1039,66,26,1
1040,26,66,1
1041,66,67,1
1042,67,66,1
1043,66,65,1
1044,65,66,1
1045,66,106,1
1046,106,66,1
1047,546,547,1
1048,547,546,1
1049,546,586,1
1050,586,546,1
1051,546,506,1
1052,506,546,1
1053,546,545,1
1054,545,546,1
1055,111,112,1
1056,112,111,1
1057,111,110,1
1058,110,111,1
1059,111,71,1
1060,71,111,1
1061,111,151,1
1062,151,111,1
1063,599,559,1
1064,559,599,1
1065,599,639,1
1066,639,599,1
1067,599,600,1
1068,600,599,1
1069,599,598,1
1070,598,599,1
1071,152,112,1
1072,112,152,1
1073,152,153,1
1074,153,152,1
1075,152,192,1
1076,192,152,1
1077,152,151,1
1078,151,152,1
1079,640,639,1
1080,639,640,1
1081,640,600,1
1082,600,640,1
1083,640,680,1
1084,680,640,1
1085,185,145,1
1086,145,185,1
1087,185,184,1
1088,184,185,1
1089,185,186,1
1090,186,185,1
1091,793,753,1
1092,753,793,1
1093,793,794,1
1094,794,793,1
1095,793,792,1
1096,792,793,1
1097,230,190,1
1098,190,230,1
1099,230,231,1
1100,231,230,1
1101,230,229,1
1102,229,230,1
1103,230,270,1
1104,270,230,1
1105,828,827,1
1106,827,828,1
1107,828,868,1
1108,868,828,1
1109,158,198,1
1110,198,158,1
1111,158,118,1
1112,118,158,1
1113,158,157,1
1114,157,158,1
1115,158,159,1
1116,159,158,1
1117,652,612,1
1118,612,652,1
1119,652,692,1
1120,692,652,1
1121,652,651,1
1122,651,652,1
1123,652,653,1
1124,653,652,1
1125,259,260,1
1126,260,259,1
1127,259,258,1
1128,258,259,1
1129,259,219,1
1130,219,259,1
1131,259,299,1
1132,299,259,1
1133,867,827,1
1134,827,867,1
1135,867,907,1
1136,907,867,1
1137,867,868,1
1138,868,867,1
1139,867,866,1
1140,866,867,1
1141,199,239,1
1142,239,199,1
1143,199,198,1
1144,198,199,1
1145,199,200,1
1146,200,199,1
1147,199,159,1
1148,159,199,1
1149,767,768,1
1150,768,767,1
1151,767,727,1
1152,727,767,1
1153,767,807,1
1154,807,767,1
1155,767,766,1
1156,766,767,1
1157,753,754,1
1158,754,753,1
1159,354,355,1
1160,355,354,1
1161,354,353,1
1162,353,354,1
1163,354,394,1
1164,394,354,1
1165,354,314,1
1166,314,354,1
1167,308,309,1
1168,309,308,1
1169,308,348,1
1170,348,308,1
1171,308,307,1
1172,307,308,1
1173,898,899,1
1174,899,898,1
1175,898,897,1
1176,897,898,1
1177,898,938,1
1178,938,898,1
1179,240,239,1
1180,239,240,1
1181,240,200,1
1182,200,240,1
1183,240,280,1
1184,280,240,1
1185,802,842,1
1186,842,802,1
1187,802,803,1
1188,803,802,1
1189,802,801,1
1190,801,802,1
1191,738,737,1
1192,737,738,1
1193,738,778,1
1194,778,738,1
1195,738,739,1
1196,739,738,1
1197,674,675,1
1198,675,674,1
1199,674,673,1
1200,673,674,1
1201,674,714,1
1202,714,674,1
1203,674,634,1
1204,634,674,1
1205,845,885,1
1206,885,845,1
1207,845,805,1
1208,805,845,1
1209,845,846,1
1210,846,845,1
1211,845,844,1
1212,844,845,1
1213,328,327,1
1214,327,328,1
1215,328,329,1
1216,329,328,1
1217,328,288,1
1218,288,328,1
1219,328,368,1
1220,368,328,1
1221,892,932,1
1222,932,892,1
1223,892,891,1
1224,891,892,1
1225,892,852,1
1226,852,892,1
1227,367,327,1
1228,327,367,1
1229,367,407,1
1230,407,367,1
1231,367,368,1
1232,368,367,1
1233,367,366,1
1234,366,367,1
1235,590,589,1
1236,589,590,1
1237,590,630,1
1238,630,590,1
1239,590,550,1
1240,550,590,1
1241,590,591,1
1242,591,590,1
1243,406,366,1
1244,366,406,1
1245,406,407,1
1246,407,406,1
1247,406,405,1
1248,405,406,1
1249,406,446,1
1250,446,406,1
1251,625,665,1
1252,665,625,1
1253,625,585,1
1254,585,625,1
1255,625,626,1
1256,626,625,1
1257,625,624,1
1258,624,625,1
1259,449,409,1
1260,409,449,1
1261,449,450,1
1262,450,449,1
1263,449,448,1
1264,448,449,1
1265,20,60,1
1266,60,20,1
1267,20,19,1
1268,19,20,1
1269,20,21,1
1270,21,20,1
1271,977,978,1
1272,978,977,1
1273,977,937,1
1274,937,977,1
1275,977,976,1
1276,976,977,1
1277,568,528,1
1278,528,568,1
1279,568,608,1
1280,608,568,1
1281,568,567,1
1282,567,568,1
1283,500,499,1
1284,499,500,1
1285,500,540,1
1286,540,500,1
1287,59,60,1
1288,60,59,1
1289,59,58,1
1290,58,59,1
1291,59,19,1
1292,19,59,1
1293,607,647,1
1294,647,607,1
1295,607,606,1
1296,606,607,1
1297,607,608,1
1298,608,607,1
1299,607,567,1
1300,567,607,1
1301,539,499,1
1302,499,539,1
1303,539,579,1
1304,579,539,1
1305,539,540,1
1306,540,539,1
1307,539,538,1
1308,538,539,1
1309,106,105,1
1310,105,106,1
1311,106,146,1
1312,146,106,1
1313,106,107,1
1314,107,106,1
1315,10,9,1
1316,9,10,1
1317,10,50,1
1318,50,10,1
1319,10,11,1
1320,11,10,1
1321,953,954,1
1322,954,953,1
1323,953,993,1
1324,993,953,1
1325,953,913,1
1326,913,953,1
1327,125,165,1
1328,165,125,1
1329,125,85,1
1330,85,125,1
1331,125,126,1
1332,126,125,1
1333,125,124,1
1334,124,125,1
1335,168,128,1
1336,128,168,1
1337,168,208,1
1338,208,168,1
1339,168,167,1
1340,167,168,1
1341,168,169,1
1342,169,168,1
1343,207,206,1
1344,206,207,1
1345,207,208,1
1346,208,207,1
1347,207,167,1
1348,167,207,1
1349,207,247,1
1350,247,207,1
1351,835,834,1
1352,834,835,1
1353,835,795,1
1354,795,835,1
1355,835,875,1
1356,875,835,1
1357,835,836,1
1358,836,835,1
1359,809,769,1
1360,769,809,1
1361,809,810,1
1362,810,809,1
1363,643,683,1
1364,683,643,1
1365,643,642,1
1366,642,643,1
1367,643,644,1
1368,644,643,1
1369,643,603,1
1370,603,643,1
1371,262,261,1
1372,261,262,1
1373,262,302,1
1374,302,262,1
1375,262,222,1
1376,222,262,1
1377,262,263,1
1378,263,262,1
1379,876,916,1
1380,916,876,1
1381,876,877,1
1382,877,876,1
1383,876,875,1
1384,875,876,1
1385,876,836,1
1386,836,876,1
1387,776,736,1
1388,736,776,1
1389,776,777,1
1390,777,776,1
1391,776,816,1
1392,816,776,1
1393,776,775,1
1394,775,776,1
1395,684,683,1
1396,683,684,1
1397,684,644,1
1398,644,684,1
1399,684,724,1
1400,724,684,1
1401,684,685,1
1402,685,684,1
1403,297,298,1
1404,298,297,1
1405,297,337,1
1406,337,297,1
1407,297,257,1
1408,257,297,1
1409,233,234,1
1410,234,233,1
1411,233,193,1
1412,193,233,1
1413,729,769,1
1414,769,729,1
1415,729,728,1
1416,728,729,1
1417,729,689,1
1418,689,729,1
1419,729,730,1
1420,730,729,1
1421,398,399,1
1422,399,398,1
1423,398,438,1
1424,438,398,1
1425,398,358,1
1426,358,398,1
1427,398,397,1
1428,397,398,1
1429,665,666,1
1430,666,665,1
1431,665,664,1
1432,664,665,1
1433,854,814,1
1434,814,854,1
1435,854,855,1
1436,855,854,1
1437,854,853,1
1438,853,854,1
1439,854,894,1
1440,894,854,1
1441,435,395,1
1442,395,435,1
1443,435,475,1
1444,475,435,1
1445,435,436,1
1446,436,435,1
1447,435,434,1
1448,434,435,1
1449,335,334,1
1450,334,335,1
1451,335,295,1
1452,295,335,1
1453,335,375,1
1454,375,335,1
1455,335,336,1
1456,336,335,1
1457,883,884,1
1458,884,883,1
1459,883,882,1
1460,882,883,1
1461,883,843,1
1462,843,883,1
1463,883,923,1
1464,923,883,1
1465,376,416,1
1466,416,376,1
1467,376,377,1
1468,377,376,1
1469,376,375,1
1470,375,376,1
1471,376,336,1
1472,336,376,1
1473,932,933,1
1474,933,932,1
1475,932,972,1
1476,972,932,1
1477,932,931,1
1478,931,932,1
1479,413,412,1
1480,412,413,1
1481,413,414,1
1482,414,413,1
1483,413,453,1
1484,453,413,1
1485,413,373,1
1486,373,413,1
1487,341,301,1
1488,301,341,1
1489,341,340,1
1490,340,341,1
1491,341,342,1
1492,342,341,1
1493,442,441,1
1494,441,442,1
1495,442,443,1
1496,443,442,1
1497,442,482,1
1498,482,442,1
1499,442,402,1
1500,402,442,1
1501,378,338,1
1502,338,378,1
1503,378,379,1
1504,379,378,1
1505,378,377,1
1506,377,378,1
1507,378,418,1
1508,418,378,1
1509,984,983,1
1510,983,984,1
1511,984,985,1
1512,985,984,1
1513,984,944,1
1514,944,984,1
1515,575,535,1
1516,535,575,1
1517,575,615,1
1518,615,575,1
1519,575,576,1
1520,576,575,1
1521,575,574,1
1522,574,575,1
1523,491,490,1
1524,490,491,1
1525,491,451,1
1526,451,491,1
1527,491,531,1
1528,531,491,1
1529,491,492,1
1530,492,491,1
1531,423,424,1
1532,424,423,1
1533,423,422,1
1534,422,423,1
1535,423,383,1
1536,383,423,1
1537,616,617,1
1538,617,616,1
1539,616,615,1
1540,615,616,1
1541,616,576,1
1542,576,616,1
1543,616,656,1
1544,656,616,1
1545,532,572,1
1546,572,532,1
1547,532,533,1
1548,533,532,1
1549,532,531,1
1550,531,532,1
1551,532,492,1
1552,492,532,1
1553,97,137,1
1554,137,97,1
1555,97,96,1
1556,96,97,1
1557,97,57,1
1558,57,97,1
1559,97,98,1
1560,98,97,1
1561,1,2,1
1562,2,1,1
1563,134,174,1
1564,174,134,1
1565,134,94,1
1566,94,134,1
1567,134,133,1
1568,133,134,1
1569,134,135,1
1570,135,134,1
1571,54,55,1
1572,55,54,1
1573,54,94,1
1574,94,54,1
1575,54,14,1
1576,14,54,1
1577,54,53,1
1578,53,54,1
1579,175,215,1
1580,215,175,1
1581,175,174,1
1582,174,175,1
1583,175,176,1
1584,176,175,1
1585,175,135,1
1586,135,175,1
1587,91,51,1
1588,51,91,1
1589,91,131,1
1590,131,91,1
1591,91,92,1
1592,92,91,1
1593,91,90,1
1594,90,91,1
1595,39,38,1
1596,38,39,1
1597,39,79,1
1598,79,39,1
1599,39,40,1
1600,40,39,1
1601,996,956,1
1602,956,996,1
1603,996,995,1
1604,995,996,1
1605,996,997,1
1606,997,996,1
1607,216,215,1
1608,215,216,1
1609,216,176,1
1610,176,216,1
1611,216,256,1
1612,256,216,1
1613,216,217,1
1614,217,216,1
1615,140,141,1
1616,141,140,1
1617,140,139,1
1618,139,140,1
1619,140,100,1
1620,100,140,1
1621,140,180,1
1622,180,140,1
1623,80,120,1
1624,120,80,1
1625,80,79,1
1626,79,80,1
1627,80,40,1
1628,40,80,1
1629,253,293,1
1630,293,253,1
1631,253,252,1
1632,252,253,1
1633,253,213,1
1634,213,253,1
1635,253,254,1
1636,254,253,1
1637,181,182,1
1638,182,181,1
1639,181,141,1
1640,141,181,1
1641,181,180,1
1642,180,181,1
1643,781,782,1
1644,782,781,1
1645,781,821,1
1646,821,781,1
1647,781,741,1
1648,741,781,1
1649,781,780,1
1650,780,781,1
1651,117,116,1
1652,116,117,1
1653,117,118,1
1654,118,117,1
1655,117,157,1
1656,157,117,1
1657,117,77,1
1658,77,117,1
1659,685,686,1
1660,686,685,1
1661,685,725,1
1662,725,685,1
1663,685,645,1
1664,645,685,1
1665,290,330,1
1666,330,290,1
1667,290,250,1
1668,250,290,1
1669,290,289,1
1670,289,290,1
1671,290,291,1
1672,291,290,1
1673,916,956,1
1674,956,916,1
1675,916,915,1
1676,915,916,1
1677,824,784,1
1678,784,824,1
1679,824,864,1
1680,864,824,1
1681,824,823,1
1682,823,824,1
1683,824,825,1
1684,825,824,1
1685,724,725,1
1686,725,724,1
1687,724,764,1
1688,764,724,1
1689,724,723,1
1690,723,724,1
1691,672,671,1
1692,671,672,1
1693,672,673,1
1694,673,672,1
1695,672,632,1
1696,632,672,1
1697,672,712,1
1698,712,672,1
1699,279,239,1
1700,239,279,1
1701,279,319,1
1702,319,279,1
1703,279,280,1
1704,280,279,1
1705,279,278,1
1706,278,279,1
1707,863,862,1
1708,862,863,1
1709,863,864,1
1710,864,863,1
1711,863,823,1
1712,823,863,1
1713,863,903,1
1714,903,863,1
1715,755,715,1
1716,715,755,1
1717,755,795,1
1718,795,755,1
1719,755,756,1
1720,756,755,1
1721,755,754,1
1722,754,755,1
1723,711,671,1
1724,671,711,1
1725,711,712,1
1726,712,711,1
1727,711,751,1
1728,751,711,1
1729,711,710,1
1730,710,711,1
1731,320,319,1
1732,319,320,1
1733,320,280,1
1734,280,320,1
1735,320,360,1
1736,360,320,1
1737,886,885,1
1738,885,886,1
1739,886,926,1
1740,926,886,1
1741,886,846,1
1742,846,886,1
1743,886,887,1
1744,887,886,1
1745,473,433,1
1746,433,473,1
1747,473,474,1
1748,474,473,1
1749,473,472,1
1750,472,473,1
1751,750,710,1
1752,710,750,1
1753,750,751,1
1754,751,750,1
1755,750,749,1
1756,749,750,1
1757,750,790,1
1758,790,750,1
1759,921,961,1
1760,961,921,1
1761,921,881,1
1762,881,921,1
1763,921,922,1
1764,922,921,1
1765,348,388,1
1766,388,348,1
1767,348,347,1
1768,347,348,1
1769,348,349,1
1770,349,348,1
1771,447,448,1
1772,448,447,1
1773,447,407,1
1774,407,447,1
1775,447,487,1
1776,487,447,1
1777,447,446,1
1778,446,447,1
1779,387,386,1
1780,386,387,1
1781,387,388,1
1782,388,387,1
1783,387,347,1
1784,347,387,1
1785,991,951,1
1786,951,991,1
1787,991,990,1
1788,990,991,1
1789,991,992,1
1790,992,991,1
1791,578,538,1
1792,538,578,1
1793,578,579,1
1794,579,578,1
1795,578,577,1
1796,577,578,1
1797,578,618,1
1798,618,578,1
1799,482,522,1
1800,522,482,1
1801,482,483,1
1802,483,482,1
1803,482,481,1
1804,481,482,1
1805,418,417,1
1806,417,418,1
1807,418,458,1
1808,458,418,1
1809,418,419,1
1810,419,418,1
1811,621,581,1
1812,581,621,1
1813,621,622,1
1814,622,621,1
1815,525,565,1
1816,565,525,1
1817,525,485,1
1818,485,525,1
1819,525,526,1
1820,526,525,1
1821,525,524,1
1822,524,525,1
1823,469,470,1
1824,470,469,1
1825,469,509,1
1826,509,469,1
1827,469,429,1
1828,429,469,1
1829,469,468,1
1830,468,469,1
1831,8,7,1
1832,7,8,1
1833,8,9,1
1834,9,8,1
1835,8,48,1
1836,48,8,1
1837,965,925,1
1838,925,965,1
1839,965,964,1
1840,964,965,1
1841,965,966,1
1842,966,965,1
1843,512,472,1
1844,472,512,1
1845,512,552,1
1846,552,512,1
1847,512,511,1
1848,511,512,1
1849,47,7,1
1850,7,47,1
1851,47,48,1
1852,48,47,1
1853,47,87,1
1854,87,47,1
1855,47,46,1
1856,46,47,1
1857,694,695,1
1858,695,694,1
1859,694,734,1
1860,734,694,1
1861,694,654,1
1862,654,694,1
1863,694,693,1
1864,693,694,1
1865,551,550,1
1866,550,551,1
1867,551,552,1
1868,552,551,1
1869,551,511,1
1870,511,551,1
1871,551,591,1
1872,591,551,1
1873,86,46,1
1874,46,86,1
1875,86,87,1
1876,87,86,1
1877,86,85,1
1878,85,86,1
1879,86,126,1
1880,126,86,1
1881,959,999,1
1882,999,959,1
1883,959,958,1
1884,958,959,1
1885,959,960,1
1886,960,959,1
1887,959,919,1
1888,919,959,1
1889,209,210,1
1890,210,209,1
1891,209,208,1
1892,208,209,1
1893,209,249,1
1894,249,209,1
1895,209,169,1
1896,169,209,1
1897,145,105,1
1898,105,145,1
1899,145,146,1
1900,146,145,1
1901,145,144,1
1902,144,145,1
1903,248,208,1
1904,208,248,1
1905,248,249,1
1906,249,248,1
1907,248,288,1
1908,288,248,1
1909,248,247,1
1910,247,248,1
1911,180,179,1
1912,179,180,1
1913,180,220,1
1914,220,180,1
1915,790,830,1
1916,830,790,1
1917,790,789,1
1918,789,790,1
1919,790,791,1
1920,791,790,1
1921,287,327,1
1922,327,287,1
1923,287,286,1
1924,286,287,1
1925,287,288,1
1926,288,287,1
1927,287,247,1
1928,247,287,1
1929,219,179,1
1930,179,219,1
1931,219,220,1
1932,220,219,1
1933,219,218,1
1934,218,219,1
1935,831,871,1
1936,871,831,1
1937,831,830,1
1938,830,831,1
1939,831,832,1
1940,832,831,1
1941,831,791,1
1942,791,831,1
1943,663,662,1
1944,662,663,1
1945,663,623,1
1946,623,663,1
1947,663,703,1
1948,703,663,1
1949,663,664,1
1950,664,663,1
1951,266,226,1
1952,226,266,1
1953,266,267,1
1954,267,266,1
1955,266,265,1
1956,265,266,1
1957,872,871,1
1958,871,872,1
1959,872,832,1
1960,832,872,1
1961,872,912,1
1962,912,872,1
1963,872,873,1
1964,873,872,1
1965,764,763,1
1966,763,764,1
1967,764,804,1
1968,804,764,1
1969,704,744,1
1970,744,704,1
1971,704,703,1
1972,703,704,1
1973,704,664,1
1974,664,704,1
1975,309,310,1
1976,310,309,1
1977,309,349,1
1978,349,309,1
1979,909,949,1
1980,949,909,1
1981,909,908,1
1982,908,909,1
1983,909,910,1
1984,910,909,1
1985,731,691,1
1986,691,731,1
1987,731,771,1
1988,771,731,1
1989,731,732,1
1990,732,731,1
1991,731,730,1
1992,730,731,1
1993,741,742,1
1994,742,741,1
1995,719,759,1
1996,759,719,1
1997,719,720,1
1998,720,719,1
1999,719,718,1
2000,718,719,1
2001,946,986,1
2002,986,946,1
2003,946,906,1
2004,906,946,1
2005,946,945,1
2006,945,946,1
2007,515,514,1
2008,514,515,1
2009,515,475,1
2010,475,515,1
2011,515,555,1
2012,555,515,1
2013,515,516,1
2014,516,515,1
2015,803,763,1
2016,763,803,1
2017,803,843,1
2018,843,803,1
2019,803,804,1
2020,804,803,1
2021,323,363,1
2022,363,323,1
2023,323,322,1
2024,322,323,1
2025,323,324,1
2026,324,323,1
2027,323,283,1
2028,283,323,1
2029,556,596,1
2030,596,556,1
2031,556,557,1
2032,557,556,1
2033,556,555,1
2034,555,556,1
2035,556,516,1
2036,516,556,1
2037,364,363,1
2038,363,364,1
2039,364,324,1
2040,324,364,1
2041,364,404,1
2042,404,364,1
2043,364,365,1
2044,365,364,1
2045,585,584,1
2046,584,585,1
2047,585,586,1
2048,586,585,1
2049,585,545,1
2050,545,585,1
2051,425,465,1
2052,465,425,1
2053,425,424,1
2054,424,425,1
2055,425,385,1
2056,385,425,1
2057,425,426,1
2058,426,425,1
2059,630,629,1
2060,629,630,1
2061,462,502,1
2062,502,462,1
2063,462,422,1
2064,422,462,1
2065,462,461,1
2066,461,462,1
2067,31,30,1
2068,30,31,1
2069,31,71,1
2070,71,31,1
2071,31,32,1
2072,32,31,1
2073,972,971,1
2074,971,972,1
2075,972,973,1
2076,973,972,1
2077,563,564,1
2078,564,563,1
2079,563,523,1
2080,523,563,1
2081,563,603,1
2082,603,563,1
2083,503,543,1
2084,543,503,1
2085,503,502,1
2086,502,503,1
2087,503,504,1
2088,504,503,1
2089,72,112,1
2090,112,72,1
2091,72,73,1
2092,73,72,1
2093,72,71,1
2094,71,72,1
2095,72,32,1
2096,32,72,1
2097,544,543,1
2098,543,544,1
2099,544,504,1
2100,504,544,1
2101,544,584,1
2102,584,544,1
2103,544,545,1
2104,545,544,1
2105,109,110,1
2106,110,109,1
2107,109,149,1
2108,149,109,1
2109,597,637,1
2110,637,597,1
2111,597,596,1
2112,596,597,1
2113,597,557,1
2114,557,597,1
2115,597,598,1
2116,598,597,1
2117,122,121,1
2118,121,122,1
2119,122,162,1
2120,162,122,1
2121,122,82,1
2122,82,122,1
2123,634,594,1
2124,594,634,1
2125,634,633,1
2126,633,634,1
2127,187,186,1
2128,186,187,1
2129,187,147,1
2130,147,187,1
2131,187,227,1
2132,227,187,1
2133,187,188,1
2134,188,187,1
2135,795,794,1
2136,794,795,1
2137,795,796,1
2138,796,795,1
2139,228,229,1
2140,229,228,1
2141,228,227,1
2142,227,228,1
2143,228,188,1
2144,188,228,1
2145,838,837,1
2146,837,838,1
2147,838,839,1
2148,839,838,1
2149,838,798,1
2150,798,838,1
2151,160,120,1
2152,120,160,1
2153,160,200,1
2154,200,160,1
2155,160,159,1
2156,159,160,1
2157,654,655,1
2158,655,654,1
2159,654,653,1
2160,653,654,1
2161,257,256,1
2162,256,257,1
2163,257,258,1
2164,258,257,1
2165,257,217,1
2166,217,257,1
2167,865,866,1
2168,866,865,1
2169,865,864,1
2170,864,865,1
2171,865,905,1
2172,905,865,1
2173,865,825,1
2174,825,865,1
2175,193,153,1
2176,153,193,1
2177,193,192,1
2178,192,193,1
2179,193,194,1
2180,194,193,1
2181,769,770,1
2182,770,769,1
2183,769,768,1
2184,768,769,1
2185,356,316,1
2186,316,356,1
2187,356,396,1
2188,396,356,1
2189,356,355,1
2190,355,356,1
2191,356,357,1
2192,357,356,1
2193,302,301,1
2194,301,302,1
2195,302,342,1
2196,342,302,1
2197,904,905,1
2198,905,904,1
2199,904,864,1
2200,864,904,1
2201,904,944,1
2202,944,904,1
2203,904,903,1
2204,903,904,1
2205,238,198,1
2206,198,238,1
2207,238,239,1
2208,239,238,1
2209,238,237,1
2210,237,238,1
2211,238,278,1
2212,278,238,1
2213,804,805,1
2214,805,804,1
2215,804,844,1
2216,844,804,1
2217,395,396,1
2218,396,395,1
2219,395,355,1
2220,355,395,1
2221,395,394,1
2222,394,395,1
2223,676,636,1
2224,636,676,1
2225,676,716,1
2226,716,676,1
2227,676,675,1
2228,675,676,1
2229,676,677,1
2230,677,676,1
2231,843,844,1
2232,844,843,1
2233,843,842,1
2234,842,843,1
2235,757,756,1
2236,756,757,1
2237,757,758,1
2238,758,757,1
2239,757,797,1
2240,797,757,1
2241,757,717,1
2242,717,757,1
2243,330,331,1
2244,331,330,1
2245,330,329,1
2246,329,330,1
2247,890,850,1
2248,850,890,1
2249,890,891,1
2250,891,890,1
2251,890,889,1
2252,889,890,1
2253,365,366,1
2254,366,365,1
2255,365,405,1
2256,405,365,1
2257,365,325,1
2258,325,365,1
2259,933,934,1
2260,934,933,1
2261,933,973,1
2262,973,933,1
2263,404,405,1
2264,405,404,1
2265,404,444,1
2266,444,404,1
2267,404,403,1
2268,403,404,1
2269,627,628,1
2270,628,627,1
2271,627,667,1
2272,667,627,1
2273,627,626,1
2274,626,627,1
2275,734,735,1
2276,735,734,1
2277,734,733,1
2278,733,734,1
2279,451,450,1
2280,450,451,1
2281,451,452,1
2282,452,451,1
2283,451,411,1
2284,411,451,1
2285,22,23,1
2286,23,22,1
2287,22,21,1
2288,21,22,1
2289,979,978,1
2290,978,979,1
2291,979,980,1
2292,980,979,1
2293,979,939,1
2294,939,979,1
2295,566,565,1
2296,565,566,1
2297,566,606,1
2298,606,566,1
2299,566,526,1
2300,526,566,1
2301,566,567,1
2302,567,566,1
2303,494,493,1
2304,493,494,1
2305,494,495,1
2306,495,494,1
2307,494,454,1
2308,454,494,1
2309,57,17,1
2310,17,57,1
2311,57,58,1
2312,58,57,1
2313,601,561,1
2314,561,601,1
2315,601,602,1
2316,602,601,1
2317,537,538,1
2318,538,537,1
2319,537,536,1
2320,536,537,1
2321,537,577,1
2322,577,537,1
2323,537,497,1
2324,497,537,1
2325,104,144,1
2326,144,104,1
2327,104,105,1
2328,105,104,1
2329,104,103,1
2330,103,104,1
2331,104,64,1
2332,64,104,1
2333,12,52,1
2334,52,12,1
2335,12,11,1
2336,11,12,1
2337,12,13,1
2338,13,12,1
2339,127,128,1
2340,128,127,1
2341,127,87,1
2342,87,127,1
2343,127,167,1
2344,167,127,1
2345,127,126,1
2346,126,127,1
2347,51,52,1
2348,52,51,1
2349,51,11,1
2350,11,51,1
2351,51,50,1
2352,50,51,1
2353,696,736,1
2354,736,696,1
2355,696,697,1
2356,697,696,1
2357,696,695,1
2358,695,696,1
2359,696,656,1
2360,656,696,1
2361,162,163,1
2362,163,162,1
2363,162,161,1
2364,161,162,1
2365,34,33,1
2366,33,34,1
2367,34,35,1
2368,35,34,1
2369,957,958,1
2370,958,957,1
2371,957,956,1
2372,956,957,1
2373,957,997,1
2374,997,957,1
2375,205,245,1
2376,245,205,1
2377,205,165,1
2378,165,205,1
2379,205,206,1
2380,206,205,1
2381,205,204,1
2382,204,205,1
2383,714,715,1
2384,715,714,1
2385,714,754,1
2386,754,714,1
2387,645,644,1
2388,644,645,1
2389,645,646,1
2390,646,645,1
2391,252,292,1
2392,292,252,1
2393,252,251,1
2394,251,252,1
2395,252,212,1
2396,212,252,1
2397,874,875,1
2398,875,874,1
2399,874,914,1
2400,914,874,1
2401,874,834,1
2402,834,874,1
2403,874,873,1
2404,873,874,1
2405,778,777,1
2406,777,778,1
2407,778,818,1
2408,818,778,1
2409,682,642,1
2410,642,682,1
2411,682,683,1
2412,683,682,1
2413,682,681,1
2414,681,682,1
2415,682,722,1
2416,722,682,1
2417,299,300,1
2418,300,299,1
2419,299,298,1
2420,298,299,1
2421,811,810,1
2422,810,811,1
2423,811,771,1
2424,771,811,1
2425,811,851,1
2426,851,811,1
2427,811,812,1
2428,812,811,1
2429,727,728,1
2430,728,727,1
2431,667,707,1
2432,707,667,1
2433,667,666,1
2434,666,667,1
2435,667,668,1
2436,668,667,1
2437,852,853,1
2438,853,852,1
2439,852,851,1
2440,851,852,1
2441,852,812,1
2442,812,852,1
2443,433,432,1
2444,432,433,1
2445,433,393,1
2446,393,433,1
2447,433,434,1
2448,434,433,1
2449,708,707,1
2450,707,708,1
2451,708,668,1
2452,668,708,1
2453,708,748,1
2454,748,708,1
2455,708,709,1
2456,709,708,1
2457,881,882,1
2458,882,881,1
2459,881,841,1
2460,841,881,1
2461,733,732,1
2462,732,733,1
2463,733,773,1
2464,773,733,1
2465,733,693,1
2466,693,733,1
2467,374,375,1
2468,375,374,1
2469,374,414,1
2470,414,374,1
2471,374,334,1
2472,334,374,1
2473,374,373,1
2474,373,374,1
2475,926,925,1
2476,925,926,1
2477,926,966,1
2478,966,926,1
2479,411,371,1
2480,371,411,1
2481,411,412,1
2482,412,411,1
2483,343,342,1
2484,342,343,1
2485,343,383,1
2486,383,343,1
2487,343,344,1
2488,344,343,1
2489,938,978,1
2490,978,938,1
2491,938,937,1
2492,937,938,1
2493,938,939,1
2494,939,938,1
2495,444,443,1
2496,443,444,1
2497,444,484,1
2498,484,444,1
2499,384,424,1
2500,424,384,1
2501,384,385,1
2502,385,384,1
2503,384,383,1
2504,383,384,1
2505,384,344,1
2506,344,384,1
2507,986,985,1
2508,985,986,1
2509,986,987,1
2510,987,986,1
2511,573,613,1
2512,613,573,1
2513,573,572,1
2514,572,573,1
2515,573,533,1
2516,533,573,1
2517,573,574,1
2518,574,573,1
2519,485,486,1
2520,486,485,1
2521,485,484,1
2522,484,485,1
2523,421,422,1
2524,422,421,1
2525,421,461,1
2526,461,421,1
2527,610,570,1
2528,570,610,1
2529,610,609,1
2530,609,610,1
2531,530,531,1
2532,531,530,1
2533,530,570,1
2534,570,530,1
2535,530,490,1
2536,490,530,1
2537,530,529,1
2538,529,530,1
2539,466,465,1
2540,465,466,1
2541,466,506,1
2542,506,466,1
2543,466,426,1
2544,426,466,1
2545,3,43,1
2546,43,3,1
2547,3,2,1
2548,2,3,1
2549,3,4,1
2550,4,3,1
2551,136,96,1
2552,96,136,1
2553,136,137,1
2554,137,136,1
2555,136,176,1
2556,176,136,1
2557,136,135,1
2558,135,136,1
2559,44,43,1
2560,43,44,1
2561,44,4,1
2562,4,44,1
2563,44,84,1
2564,84,44,1
2565,44,45,1
2566,45,44,1
2567,169,129,1
2568,129,169,1
2569,169,170,1
2570,170,169,1
2571,89,129,1
2572,129,89,1
2573,89,49,1
2574,49,89,1
2575,89,90,1
2576,90,89,1
2577,998,999,1
2578,999,998,1
2579,998,958,1
2580,958,998,1
2581,998,997,1
2582,997,998,1
2583,214,174,1
2584,174,214,1
2585,214,215,1
2586,215,214,1
2587,214,213,1
2588,213,214,1
2589,214,254,1
2590,254,214,1
2591,142,182,1
2592,182,142,1
2593,142,102,1
2594,102,142,1
2595,142,141,1
2596,141,142,1
2597,78,79,1
2598,79,78,1
2599,78,118,1
2600,118,78,1
2601,78,38,1
2602,38,78,1
2603,78,77,1
2604,77,78,1
2605,243,244,1
2606,244,243,1
2607,243,203,1
2608,203,243,1
2609,243,283,1
2610,283,243,1
2611,183,223,1
2612,223,183,1
2613,183,182,1
2614,182,183,1
2615,183,184,1
2616,184,183,1
2617,783,784,1
2618,784,783,1
2619,783,823,1
2620,823,783,1
2621,783,782,1
2622,782,783,1
2623,115,75,1
2624,75,115,1
2625,115,155,1
2626,155,115,1
2627,115,116,1
2628,116,115,1
2629,292,293,1
2630,293,292,1
2631,292,332,1
2632,332,292,1
2633,292,291,1
2634,291,292,1
2635,914,915,1
2636,915,914,1
2637,914,913,1
2638,913,914,1
2639,914,954,1
2640,954,914,1
2641,224,223,1
2642,223,224,1
2643,224,184,1
2644,184,224,1
2645,818,819,1
2646,819,818,1
2647,818,817,1
2648,817,818,1
2649,722,721,1
2650,721,722,1
2651,722,723,1
2652,723,722,1
2653,658,659,1
2654,659,658,1
2655,658,657,1
2656,657,658,1
2657,658,618,1
2658,618,658,1
2659,277,317,1
2660,317,277,1
2661,277,276,1
2662,276,277,1
2663,277,237,1
2664,237,277,1
2665,277,278,1
2666,278,277,1
2667,861,901,1
2668,901,861,1
2669,861,821,1
2670,821,861,1
2671,861,862,1
2672,862,861,1
2673,861,860,1
2674,860,861,1
2675,709,710,1
2676,710,709,1
2677,709,749,1
2678,749,709,1
2679,709,669,1
2680,669,709,1
2681,314,274,1
2682,274,314,1
2683,314,313,1
2684,313,314,1
2685,908,948,1
2686,948,908,1
2687,908,907,1
2688,907,908,1
2689,908,868,1
2690,868,908,1
2691,475,474,1
2692,474,475,1
2693,475,476,1
2694,476,475,1
2695,748,749,1
2696,749,748,1
2697,748,747,1
2698,747,748,1
2699,923,924,1
2700,924,923,1
2701,923,963,1
2702,963,923,1
2703,923,922,1
2704,922,923,1
2705,518,519,1
2706,519,518,1
2707,518,517,1
2708,517,518,1
2709,518,478,1
2710,478,518,1
2711,759,760,1
2712,760,759,1
2713,759,758,1
2714,758,759,1
2715,759,799,1
2716,799,759,1
2717,350,351,1
2718,351,350,1
2719,350,310,1
2720,310,350,1
2721,350,349,1
2722,349,350,1
2723,385,345,1
2724,345,385,1
2725,385,386,1
2726,386,385,1
2727,584,624,1
2728,624,584,1
2729,584,583,1
2730,583,584,1
2731,484,483,1
2732,483,484,1
2733,484,524,1
2734,524,484,1
2735,432,472,1
2736,472,432,1
2737,432,431,1
2738,431,432,1
2739,432,392,1
2740,392,432,1
2741,623,622,1
2742,622,623,1
2743,623,624,1
2744,624,623,1
2745,623,583,1
2746,583,623,1
2747,523,483,1
2748,483,523,1
2749,523,524,1
2750,524,523,1
2751,523,522,1
2752,522,523,1
2753,471,472,1
2754,472,471,1
2755,471,431,1
2756,431,471,1
2757,471,511,1
2758,511,471,1
2759,471,470,1
2760,470,471,1
2761,26,25,1
2762,25,26,1
2763,26,27,1
2764,27,26,1
2765,967,966,1
2766,966,967,1
2767,967,968,1
2768,968,967,1
2769,506,507,1
2770,507,506,1
2771,506,505,1
2772,505,506,1
2773,45,46,1
2774,46,45,1
2775,45,85,1
2776,85,45,1
2777,45,5,1
2778,5,45,1
2779,549,589,1
2780,589,549,1
2781,549,509,1
2782,509,549,1
2783,549,550,1
2784,550,549,1
2785,549,548,1
2786,548,549,1
2787,84,85,1
2788,85,84,1
2789,84,124,1
2790,124,84,1
2791,84,83,1
2792,83,84,1
2793,596,636,1
2794,636,596,1
2795,596,595,1
2796,595,596,1
2797,147,146,1
2798,146,147,1
2799,147,148,1
2800,148,147,1
2801,147,107,1
2802,107,147,1
2803,246,245,1
2804,245,246,1
2805,246,286,1
2806,286,246,1
2807,246,206,1
2808,206,246,1
2809,246,247,1
2810,247,246,1
2811,690,691,1
2812,691,690,1
2813,690,689,1
2814,689,690,1
2815,690,730,1
2816,730,690,1
2817,190,191,1
2818,191,190,1
2819,190,189,1
2820,189,190,1
2821,190,150,1
2822,150,190,1
2823,792,832,1
2824,832,792,1
2825,792,791,1
2826,791,792,1
2827,281,241,1
2828,241,281,1
2829,281,282,1
2830,282,281,1
2831,217,218,1
2832,218,217,1
2833,217,177,1
2834,177,217,1
2835,825,785,1
2836,785,825,1
2837,153,113,1
2838,113,153,1
2839,153,154,1
2840,154,153,1
2841,649,689,1
2842,689,649,1
2843,649,609,1
2844,609,649,1
2845,272,312,1
2846,312,272,1
2847,272,271,1
2848,271,272,1
2849,870,830,1
2850,830,870,1
2851,870,871,1
2852,871,870,1
2853,870,910,1
2854,910,870,1
2855,766,806,1
2856,806,766,1
2857,702,703,1
2858,703,702,1
2859,702,742,1
2860,742,702,1
2861,702,662,1
2862,662,702,1
2863,311,351,1
2864,351,311,1
2865,311,310,1
2866,310,311,1
2867,311,312,1
2868,312,311,1
2869,311,271,1
2870,271,311,1
2871,899,859,1
2872,859,899,1
2873,899,939,1
2874,939,899,1
2875,807,806,1
2876,806,807,1
2877,739,699,1
2878,699,739,1
2879,948,949,1
2880,949,948,1
2881,948,988,1
2882,988,948,1
2883,717,718,1
2884,718,717,1
2885,717,716,1
2886,716,717,1
2887,717,677,1
2888,677,717,1
2889,325,324,1
2890,324,325,1
2891,554,555,1
2892,555,554,1
2893,554,594,1
2894,594,554,1
2895,554,514,1
2896,514,554,1
2897,735,736,1
2898,736,735,1
2899,735,695,1
2900,695,735,1
2901,735,775,1
2902,775,735,1
2903,362,322,1
2904,322,362,1
2905,362,363,1
2906,363,362,1
2907,362,402,1
2908,402,362,1
2909,632,633,1
2910,633,632,1
2911,944,945,1
2912,945,944,1
2913,944,943,1
2914,943,944,1
2915,464,424,1
2916,424,464,1
2917,464,465,1
2918,465,464,1
2919,464,504,1
2920,504,464,1
2921,17,16,1
2922,16,17,1
2923,974,934,1
2924,934,974,1
2925,974,973,1
2926,973,974,1
2927,561,521,1
2928,521,561,1
2929,497,457,1
2930,457,497,1
2931,497,496,1
2932,496,497,1
2933,70,71,1
2934,71,70,1
2935,70,110,1
2936,110,70,1
2937,70,30,1
2938,30,70,1
2939,606,646,1
2940,646,606,1
2941,542,502,1
2942,502,542,1
2943,542,543,1
2944,543,542,1
2945,542,582,1
2946,582,542,1
2947,107,67,1
2948,67,107,1
2949,124,164,1
2950,164,124,1
2951,636,637,1
2952,637,636,1
2953,165,164,1
2954,164,165,1
2955,797,798,1
2956,798,797,1
2957,797,837,1
2958,837,797,1
2959,797,796,1
2960,796,797,1
2961,226,227,1
2962,227,226,1
2963,226,186,1
2964,186,226,1
2965,840,880,1
2966,880,840,1
2967,840,839,1
2968,839,840,1
2969,716,715,1
2970,715,716,1
2971,716,756,1
2972,756,716,1
2973,656,655,1
2974,655,656,1
2975,656,657,1
2976,657,656,1
2977,263,223,1
2978,223,263,1
2979,879,880,1
2980,880,879,1
2981,879,839,1
2982,839,879,1
2983,879,919,1
2984,919,879,1
2985,195,194,1
2986,194,195,1
2987,195,155,1
2988,155,195,1
2989,771,770,1
2990,770,771,1
2991,771,772,1
2992,772,771,1
2993,358,357,1
2994,357,358,1
2995,304,305,1
2996,305,304,1
2997,304,344,1
2998,344,304,1
2999,902,901,1
3000,901,902,1
3001,902,942,1
3002,942,902,1
3003,902,862,1
3004,862,902,1
3005,902,903,1
3006,903,902,1
3007,236,276,1
3008,276,236,1
3009,236,237,1
3010,237,236,1
3011,814,813,1
3012,813,814,1
3013,393,353,1
3014,353,393,1
3015,393,394,1
3016,394,393,1
3017,393,392,1
3018,392,393,1
3019,678,718,1
3020,718,678,1
3021,678,638,1
3022,638,678,1
3023,678,677,1
3024,677,678,1
3025,841,842,1
3026,842,841,1
3027,841,801,1
3028,801,841,1
3029,440,439,1
3030,439,440,1
3031,332,372,1
3032,372,332,1
3033,332,331,1
3034,331,332,1
3035,896,897,1
3036,897,896,1
3037,896,936,1
3038,936,896,1
3039,896,895,1
3040,895,896,1
3041,371,372,1
3042,372,371,1
3043,371,331,1
3044,331,371,1
3045,935,934,1
3046,934,935,1
3047,935,936,1
3048,936,935,1
3049,935,895,1
3050,895,935,1
3051,402,401,1
3052,401,402,1
3053,402,403,1
3054,403,402,1
3055,338,337,1
3056,337,338,1
3057,338,298,1
3058,298,338,1
3059,453,454,1
3060,454,453,1
3061,453,493,1
3062,493,453,1
3063,453,452,1
3064,452,453,1
3065,24,23,1
3066,23,24,1
3067,24,25,1
3068,25,24,1
3069,24,64,1
3070,64,24,1
3071,981,941,1
3072,941,981,1
3073,981,980,1
3074,980,981,1
3075,572,612,1
3076,612,572,1
3077,572,571,1
3078,571,572,1
3079,496,536,1
3080,536,496,1
3081,496,495,1
3082,495,496,1
3083,63,23,1
3084,23,63,1
3085,63,64,1
3086,64,63,1
3087,63,103,1
3088,103,63,1
3089,603,604,1
3090,604,603,1
3091,603,602,1
3092,602,603,1
3093,535,536,1
3094,536,535,1
3095,535,495,1
3096,495,535,1
3097,102,103,1
3098,103,102,1
3099,102,101,1
3100,101,102,1
3101,14,13,1
3102,13,14,1
3103,129,130,1
3104,130,129,1
3105,129,128,1
3106,128,129,1
3107,49,9,1
3108,9,49,1
3109,49,50,1
3110,50,49,1
3111,49,48,1
3112,48,49,1
3113,164,163,1
3114,163,164,1
3115,164,204,1
3116,204,164,1
3117,96,95,1
3118,95,96,1
3119,36,76,1
3120,76,36,1
3121,36,35,1
3122,35,36,1
3123,993,992,1
3124,992,993,1
3125,203,163,1
3126,163,203,1
3127,203,204,1
3128,204,203,1
3129,75,76,1
3130,76,75,1
3131,75,35,1
3132,35,75,1
3133,647,646,1
3134,646,647,1
3135,250,210,1
3136,210,250,1
3137,250,251,1
3138,251,250,1
3139,250,249,1
3140,249,250,1
3141,692,691,1
3142,691,692,1
3143,692,732,1
3144,732,692,1
3145,692,693,1
3146,693,692,1
3147,780,820,1
3148,820,780,1
3149,688,728,1
3150,728,688,1
3151,688,689,1
3152,689,688,1
3153,293,294,1
3154,294,293,1
3155,821,820,1
3156,820,821,1
3157,669,629,1
3158,629,669,1
3159,669,668,1
3160,668,669,1
3161,276,316,1
3162,316,276,1
3163,276,275,1
3164,275,276,1
3165,850,851,1
3166,851,850,1
3167,850,810,1
3168,810,850,1
3169,706,666,1
3170,666,706,1
3171,706,707,1
3172,707,706,1
3173,706,746,1
3174,746,706,1
3175,751,791,1
3176,791,751,1
3177,928,929,1
3178,929,928,1
3179,928,968,1
3180,968,928,1
3181,409,369,1
3182,369,409,1
3183,718,758,1
3184,758,718,1
3185,345,305,1
3186,305,345,1
3187,345,344,1
3188,344,345,1
3189,446,486,1
3190,486,446,1
3191,382,383,1
3192,383,382,1
3193,382,422,1
3194,422,382,1
3195,382,342,1
3196,342,382,1
3197,988,987,1
3198,987,988,1
3199,579,619,1
3200,619,579,1
3201,487,486,1
3202,486,487,1
3203,419,379,1
3204,379,419,1
3205,419,459,1
3206,459,419,1
3207,612,613,1
3208,613,612,1
3209,528,529,1
3210,529,528,1
3211,468,428,1
3212,428,468,1
3213,468,508,1
3214,508,468,1
3215,5,4,1
3216,4,5,1
3217,962,961,1
3218,961,962,1
3219,962,963,1
3220,963,962,1
3221,962,922,1
3222,922,962,1
3223,509,508,1
3224,508,509,1
3225,42,2,1
3226,2,42,1
3227,42,43,1
3228,43,42,1
3229,42,82,1
3230,82,42,1
3231,171,170,1
3232,170,171,1
3233,171,131,1
3234,131,171,1
3235,1000,999,1
3236,999,1000,1
3237,1000,960,1
3238,960,1000,1
3239,212,213,1
3240,213,212,1
3241,144,184,1
3242,184,144,1
3243,241,201,1
3244,201,241,1
3245,177,137,1
3246,137,177,1
3247,177,176,1
3248,176,177,1
3249,785,745,1
3250,745,785,1
3251,785,786,1
3252,786,785,1
3253,785,784,1
3254,784,785,1
3255,113,112,1
3256,112,113,1
3257,113,73,1
3258,73,113,1
3259,920,880,1
3260,880,920,1
3261,920,960,1
3262,960,920,1
3263,920,919,1
3264,919,920,1
3265,222,182,1
3266,182,222,1
3267,222,223,1
3268,223,222,1
3269,820,819,1
3270,819,820,1
3271,820,860,1
3272,860,820,1
3273,660,700,1
3274,700,660,1
3275,660,659,1
3276,659,660,1
3277,267,227,1
3278,227,267,1
3279,267,307,1
3280,307,267,1
3281,859,819,1
3282,819,859,1
3283,859,860,1
3284,860,859,1
3285,699,659,1
3286,659,699,1
3287,699,700,1
3288,700,699,1
3289,316,317,1
3290,317,316,1
3291,906,866,1
3292,866,906,1
3293,906,907,1
3294,907,906,1
3295,906,905,1
3296,905,906,1
3297,477,517,1
3298,517,477,1
3299,477,478,1
3300,478,477,1
3301,477,476,1
3302,476,477,1
3303,746,745,1
3304,745,746,1
3305,746,786,1
3306,786,746,1
3307,746,747,1
3308,747,746,1
3309,949,950,1
3310,950,949,1
3311,520,560,1
3312,560,520,1
3313,520,519,1
3314,519,520,1
3315,352,351,1
3316,351,352,1
3317,352,353,1
3318,353,352,1
3319,352,312,1
3320,312,352,1
3321,352,392,1
3322,392,352,1
3323,559,560,1
3324,560,559,1
3325,559,519,1
3326,519,559,1
3327,391,351,1
3328,351,391,1
3329,391,431,1
3330,431,391,1
3331,391,392,1
3332,392,391,1
3333,582,581,1
3334,581,582,1
3335,582,622,1
3336,622,582,1
3337,582,583,1
3338,583,582,1
3339,430,431,1
3340,431,430,1
3341,430,429,1
3342,429,430,1
3343,430,470,1
3344,470,430,1
3345,617,657,1
3346,657,617,1
3347,617,577,1
3348,577,617,1
3349,617,618,1
3350,618,617,1
3351,521,522,1
3352,522,521,1
3353,521,481,1
3354,481,521,1
3355,457,417,1
3356,417,457,1
3357,457,458,1
3358,458,457,1
3359,28,68,1
3360,68,28,1
3361,28,27,1
3362,27,28,1
3363,969,929,1
3364,929,969,1
3365,969,968,1
3366,968,969,1
3367,508,507,1
3368,507,508,1
3369,508,548,1
3370,548,508,1
3371,67,68,1
3372,68,67,1
3373,67,27,1
3374,27,67,1
3375,547,507,1
3376,507,547,1
3377,547,548,1
3378,548,547,1
3379,82,81,1
3380,81,82,1
3381,82,83,1
3382,83,82,1
3383,594,595,1
3384,595,594,1
3385,594,593,1
3386,593,594,1
3387,149,150,1
3388,150,149,1
3389,149,189,1
3390,189,149,1
3391,149,148,1
3392,148,149,1
3393,637,638,1
3394,638,637,1
3395,637,677,1
3396,677,637,1
3397,192,191,1
3398,191,192,1
3399,794,834,1
3400,834,794,1
3401,794,754,1
3402,754,794,1
3403,283,282,1
3404,282,283,1
3405,231,191,1
3406,191,231,1
3407,231,271,1
3408,271,231,1
3409,827,787,1
3410,787,827,1
3411,155,154,1
3412,154,155,1
3413,651,691,1
3414,691,651,1
3415,270,310,1
3416,310,270,1
3417,270,271,1
3418,271,270,1
3419,768,728,1
3420,728,768,1
3421,353,313,1
3422,313,353,1
3423,305,265,1
3424,265,305,1
3425,897,937,1
3426,937,897,1
3427,897,857,1
3428,857,897,1
3429,801,761,1
3430,761,801,1
3431,737,777,1
3432,777,737,1
3433,737,736,1
3434,736,737,1
3435,737,697,1
3436,697,737,1
3437,673,633,1
3438,633,673,1
3439,846,806,1
3440,806,846,1
3441,891,851,1
3442,851,891,1
3443,891,931,1
3444,931,891,1
3445,368,369,1
3446,369,368,1
3447,589,629,1
3448,629,589,1
3449,589,588,1
3450,588,589,1
3451,626,666,1
3452,666,626,1
3453,626,586,1
3454,586,626,1
3455,450,490,1
3456,490,450,1
3457,976,936,1
3458,936,976,1
3459,499,459,1
3460,459,499,1
3461,60,100,1
3462,100,60,1
3463,60,61,1
3464,61,60,1
3465,608,609,1
3466,609,608,1
3467,105,65,1
3468,65,105,1
3469,799,839,1
3470,839,799,1
3471,799,798,1
3472,798,799,1
3473,642,602,1
3474,602,642,1
3475,261,301,1
3476,301,261,1
3477,261,260,1
3478,260,261,1
3479,877,837,1
3480,837,877,1
3481,939,940,1
3482,940,939,1
3483,773,813,1
3484,813,773,1
3485,773,772,1
3486,772,773,1
3487,298,258,1
3488,258,298,1
3489,234,274,1
3490,274,234,1
3491,234,194,1
3492,194,234,1
3493,816,817,1
3494,817,816,1
3495,399,439,1
3496,439,399,1
3497,680,720,1
3498,720,680,1
3499,963,964,1
3500,964,963,1
3501,855,895,1
3502,895,855,1
3503,438,439,1
3504,439,438,1
3505,438,478,1
3506,478,438,1
3507,334,294,1
3508,294,334,1
3509,894,934,1
3510,934,894,1
3511,894,895,1
3512,895,894,1
3513,369,329,1
3514,329,369,1
3515,929,889,1
3516,889,929,1
3517,416,417,1
3518,417,416,1
3519,340,300,1
3520,300,340,1
3521,455,495,1
3522,495,455,1
3523,455,454,1
3524,454,455,1
3525,983,943,1
3526,943,983,1
3527,570,571,1
3528,571,570,1
3529,61,101,1
3530,101,61,1
3531,61,21,1
3532,21,61,1
3533,613,653,1
3534,653,613,1
3535,533,493,1
3536,493,533,1
3537,100,101,1
3538,101,100,1
3539,131,130,1
3540,130,131,1
3541,55,95,1
3542,95,55,1
3543,94,95,1
3544,95,94,1
3545,201,161,1
3546,161,201,1
3547,73,33,1
3548,33,73,1
3549,782,742,1
3550,742,782,1
3551,686,646,1
3552,646,686,1
3553,295,294,1
3554,294,295,1
3555,915,875,1
3556,875,915,1
3557,730,770,1
3558,770,730,1
3559,805,806,1
3560,806,805,1
3561,723,683,1
3562,683,723,1
3563,723,763,1
3564,763,723,1
3565,274,275,1
3566,275,274,1
3567,317,357,1
3568,357,317,1
3569,885,925,1
3570,925,885,1
3571,885,884,1
3572,884,885,1
3573,474,514,1
3574,514,474,1
3575,474,434,1
3576,434,474,1
3577,749,789,1
3578,789,749,1
3579,922,882,1
3580,882,922,1
3581,347,307,1
3582,307,347,1
3583,388,428,1
3584,428,388,1
3585,388,389,1
3586,389,388,1
3587,990,950,1
3588,950,990,1
3589,577,576,1
3590,576,577,1
3591,481,441,1
3592,441,481,1
3593,417,377,1
3594,377,417,1
3595,622,662,1
3596,662,622,1
3597,526,486,1
3598,486,526,1
3599,964,924,1
3600,924,964,1
3601,210,170,1
3602,170,210,1
3603,146,186,1
3604,186,146,1
3605,179,139,1
3606,139,179,1
3607,787,786,1
3608,786,787,1
3609,787,747,1
3610,747,787,1
3611,288,289,1
3612,289,288,1
3613,918,958,1
3614,958,918,1
3615,918,919,1
3616,919,918,1
3617,220,260,1
3618,260,220,1
3619,857,817,1
3620,817,857,1
3621,761,721,1
3622,721,761,1
3623,756,796,1
3624,796,756,1
3625,697,657,1
3626,657,697,1
3627,912,913,1
3628,913,912,1
3629,479,439,1
3630,439,479,1
3631,479,519,1
3632,519,479,1
3633,479,478,1
3634,478,479,1
3635,744,784,1
3636,784,744,1
3637,744,745,1
3638,745,744,1
3639,951,950,1
3640,950,951,1
3641,322,282,1
3642,282,322,1
3643,557,517,1
3644,517,557,1
3645,389,429,1
3646,429,389,1
3647,389,349,1
3648,349,389,1
3649,588,628,1
3650,628,588,1
3651,588,548,1
3652,548,588,1
3653,428,429,1
3654,429,428,1
3655,619,659,1
3656,659,619,1
3657,619,618,1
3658,618,619,1
3659,459,458,1
3660,458,459,1
3661,971,931,1
3662,931,971,1
3663,65,25,1
3664,25,65,1
3665,65,64,1
3666,64,65,1
3667,693,653,1
3668,653,693,1
3669,545,505,1
3670,505,545,1
3671,600,560,1
3672,560,600,1
3673,151,191,1
3674,191,151,1
3675,151,150,1
3676,150,151,1
3677,639,638,1
3678,638,639,1
3679,796,836,1
3680,836,796,1
3681,229,189,1
3682,189,229,1
3683,837,836,1
3684,836,837,1
3685,260,300,1
3686,300,260,1
3687,770,810,1
3688,810,770,1
3689,903,943,1
3690,943,903,1
3691,732,772,1
3692,772,732,1
3693,396,436,1
3694,436,396,1
3695,396,397,1
3696,397,396,1
3697,675,715,1
3698,715,675,1
3699,844,884,1
3700,884,844,1
3701,329,289,1
3702,289,329,1
3703,403,363,1
3704,363,403,1
3705,403,443,1
3706,443,403,1
3707,628,629,1
3708,629,628,1
3709,628,668,1
3710,668,628,1
3711,452,412,1
3712,412,452,1
3713,452,492,1
3714,492,452,1
3715,565,564,1
3716,564,565,1
3717,493,492,1
3718,492,493,1
3719,58,98,1
3720,98,58,1
3721,52,92,1
3722,92,52,1
3723,52,53,1
3724,53,52,1
3725,161,121,1
3726,121,161,1
3727,33,32,1
3728,32,33,1
3729,644,604,1
3730,604,644,1
3731,251,291,1
3732,291,251,1
3733,300,301,1
3734,301,300,1
3735,397,357,1
3736,357,397,1
3737,853,813,1
3738,813,853,1
3739,436,476,1
3740,476,436,1
3741,758,798,1
3742,798,758,1
3743,336,337,1
3744,337,336,1
3745,884,924,1
3746,924,884,1
3747,414,454,1
3748,454,414,1
3749,441,401,1
3750,401,441,1
3751,377,337,1
3752,337,377,1
3753,985,945,1
3754,945,985,1
3755,576,536,1
3756,536,576,1
3757,615,655,1
3758,655,615,1
3759,531,571,1
3760,571,531,1
3761,53,13,1
3762,13,53,1
3763,695,655,1
3764,655,695,1
3765,254,294,1
3766,294,254,1
3767,289,249,1
3768,249,289,1
3769,913,873,1
3770,873,913,1
3771,817,777,1
3772,777,817,1
3773,721,681,1
3774,681,721,1
3775,476,516,1
3776,516,476,1
3777,747,707,1
3778,707,747,1
3779,924,925,1
3780,925,924,1
3781,517,516,1
3782,516,517,1
3783,937,936,1
3784,936,937,1
3785,386,426,1
3786,426,386,1
3787,583,543,1
3788,543,583,1
3789,483,443,1
3790,443,483,1
3791,624,664,1
3792,664,624,1
3793,524,564,1
3794,564,524,1
3795,505,465,1
3796,465,505,1
3797,505,504,1
3798,504,505,1
3799,83,43,1
3800,43,83,1
3801,595,555,1
3802,555,595,1
3803,148,188,1
3804,188,148,1
3805,245,244,1
3806,244,245,1
3807,189,188,1
3808,188,189,1
3809,218,258,1
3810,258,218,1
3811,154,194,1
3812,194,154,1
3813,312,313,1
3814,313,312,1
3815,910,950,1
3816,950,910,1
3817,945,905,1
3818,905,945,1
3819,760,720,1
3820,720,760,1
3821,940,941,1
3822,941,940,1
3823,940,980,1
3824,980,940,1
3825,564,604,1
3826,604,564,1
3827,110,150,1
3828,150,110,1
3829,598,638,1
3830,638,598,1
3831,121,81,1
3832,81,121,1
3833,633,593,1
3834,593,633,1
3835,772,812,1
3836,812,772,1
3837,901,941,1
3838,941,901,1
3839,813,812,1
3840,812,813,1
3841,394,434,1
3842,434,394,1
3843,842,882,1
3844,882,842,1
3845,331,291,1
3846,291,331,1
3847,372,412,1
3848,412,372,1
3849,372,373,1
3850,373,372,1
3851,943,942,1
3852,942,943,1
3853,101,141,1
3854,141,101,1
3855,130,170,1
3856,170,130,1
3857,130,90,1
3858,90,130,1
3859,50,90,1
3860,90,50,1
3861,95,135,1
3862,135,95,1
3863,204,244,1
3864,244,204,1
3865,76,116,1
3866,116,76,1
3867,76,77,1
3868,77,76,1
3869,942,941,1
3870,941,942,1
