id,connection_strength,time_delay
1,0.5,1.42752613988
2,0.5,1.42752613988
3,0.5,1.30139690156
4,0.5,1.30139690156
5,0.5,1.27569418365
6,0.5,1.27569418365
7,0.5,1.25001272735
8,0.5,1.25001272735
9,0.5,1.32879131641
10,0.5,1.32879131641
11,0.5,1.27440175759
12,0.5,1.27440175759
13,0.5,1.67406253079
14,0.5,1.67406253079
15,0.5,1.3022036203
16,0.5,1.3022036203
17,0.5,1.30311092121
18,0.5,1.30311092121
19,0.5,1.56282875299
20,0.5,1.56282875299
21,0.5,1.33009419284
22,0.5,1.33009419284
23,0.5,1.39041316874
24,0.5,1.39041316874
25,0.5,1.32916445623
26,0.5,1.32916445623
27,0.5,1.2953864005
28,0.5,1.2953864005
29,0.5,1.33550453603
30,0.5,1.33550453603
31,0.5,1.3030678915
32,0.5,1.3030678915
33,0.5,1.26117197761
34,0.5,1.26117197761
35,0.5,1.79973986006
36,0.5,1.79973986006
37,0.5,1.31732875132
38,0.5,1.31732875132
39,0.5,1.58217902339
40,0.5,1.58217902339
41,0.5,1.6077190168
42,0.5,1.6077190168
43,0.5,1.809886764
44,0.5,1.809886764
45,0.5,1.30768129657
46,0.5,1.30768129657
47,0.5,1.2740166297
48,0.5,1.2740166297
49,0.5,1.26617211818
50,0.5,1.26617211818
51,0.5,1.44341811125
52,0.5,1.44341811125
53,0.5,1.54356272667
54,0.5,1.54356272667
55,0.5,1.57422616654
56,0.5,1.57422616654
57,0.5,1.29918260396
58,0.5,1.29918260396
59,0.5,1.61849231674
60,0.5,1.61849231674
61,0.5,1.36549018791
62,0.5,1.36549018791
63,0.5,1.38402936759
64,0.5,1.38402936759
65,0.5,1.30508936504
66,0.5,1.30508936504
67,0.5,1.29051961331
68,0.5,1.29051961331
69,0.5,1.35973476629
70,0.5,1.35973476629
71,0.5,1.26298450059
72,0.5,1.26298450059
73,0.5,1.69320772363
74,0.5,1.69320772363
75,0.5,1.393484895
76,0.5,1.393484895
77,0.5,1.5039980617
78,0.5,1.5039980617
79,0.5,1.27058324427
80,0.5,1.27058324427
81,0.5,1.49077347143
82,0.5,1.49077347143
83,0.5,1.75118206379
84,0.5,1.75118206379
85,0.5,1.33422191483
86,0.5,1.33422191483
87,0.5,1.3848066281
88,0.5,1.3848066281
89,0.5,1.26708980634
90,0.5,1.26708980634
91,0.5,1.25867091541
92,0.5,1.25867091541
93,0.5,1.25691567399
94,0.5,1.25691567399
95,0.5,1.36722077942
96,0.5,1.36722077942
97,0.5,1.40350166715
98,0.5,1.40350166715
99,0.5,1.57194448991
100,0.5,1.57194448991
101,0.5,1.3311483196
102,0.5,1.3311483196
103,0.5,1.30145943935
104,0.5,1.30145943935
105,0.5,1.32753723756
106,0.5,1.32753723756
107,0.5,1.28305701478
108,0.5,1.28305701478
109,0.5,1.42795996547
110,0.5,1.42795996547
111,0.5,1.23230424372
112,0.5,1.23230424372
113,0.5,1.46570131069
114,0.5,1.46570131069
115,0.5,1.24442078537
116,0.5,1.24442078537
117,0.5,1.37482637406
118,0.5,1.37482637406
119,0.5,1.53938018604
120,0.5,1.53938018604
121,0.5,2.22706170063
122,0.5,2.22706170063
123,0.5,1.65830002498
124,0.5,1.65830002498
125,0.5,1.46419866344
126,0.5,1.46419866344
127,0.5,1.41094242621
128,0.5,1.41094242621
129,0.5,1.36971047191
130,0.5,1.36971047191
131,0.5,1.3264561426
132,0.5,1.3264561426
133,0.5,1.35863578786
134,0.5,1.35863578786
135,0.5,1.30787198518
136,0.5,1.30787198518
137,0.5,1.35432385309
138,0.5,1.35432385309
139,0.5,1.37295189839
140,0.5,1.37295189839
141,0.5,1.23644816043
142,0.5,1.23644816043
143,0.5,1.34515074286
144,0.5,1.34515074286
145,0.5,1.33275427692
146,0.5,1.33275427692
147,0.5,1.25345882769
148,0.5,1.25345882769
149,0.5,1.32461097963
150,0.5,1.32461097963
151,0.5,1.68452373141
152,0.5,1.68452373141
153,0.5,1.38070781795
154,0.5,1.38070781795
155,0.5,1.43176578671
156,0.5,1.43176578671
157,0.5,1.35865709017
158,0.5,1.35865709017
159,0.5,1.32594608612
160,0.5,1.32594608612
161,0.5,1.32070650416
162,0.5,1.32070650416
163,0.5,1.33034105536
164,0.5,1.33034105536
165,0.5,1.34245853903
166,0.5,1.34245853903
167,0.5,1.30981013156
168,0.5,1.30981013156
169,0.5,1.26997662358
170,0.5,1.26997662358
171,0.5,1.2664536645
172,0.5,1.2664536645
173,0.5,1.51154220771
174,0.5,1.51154220771
175,0.5,1.51159021056
176,0.5,1.51159021056
177,0.5,1.22706124158
178,0.5,1.22706124158
179,0.5,1.66237575009
180,0.5,1.66237575009
181,0.5,1.45425959159
182,0.5,1.45425959159
183,0.5,1.29642491226
184,0.5,1.29642491226
185,0.5,1.26545777004
186,0.5,1.26545777004
187,0.5,1.36809281204
188,0.5,1.36809281204
189,0.5,1.36402306358
190,0.5,1.36402306358
191,0.5,1.41792382574
192,0.5,1.41792382574
193,0.5,1.33269162373
194,0.5,1.33269162373
195,0.5,1.24341691092
196,0.5,1.24341691092
197,0.5,1.35972777355
198,0.5,1.35972777355
199,0.5,1.35983335263
200,0.5,1.35983335263
201,0.5,1.26637543237
202,0.5,1.26637543237
203,0.5,1.37099606725
204,0.5,1.37099606725
205,0.5,1.357222435
206,0.5,1.357222435
207,0.5,1.25728688507
208,0.5,1.25728688507
209,0.5,1.37898117901
210,0.5,1.37898117901
211,0.5,1.48928090109
212,0.5,1.48928090109
213,0.5,1.35246271658
214,0.5,1.35246271658
215,0.5,1.22924895958
216,0.5,1.22924895958
217,0.5,1.2353623013
218,0.5,1.2353623013
219,0.5,2.02026509727
220,0.5,2.02026509727
221,0.5,1.4786108959
222,0.5,1.4786108959
223,0.5,1.2621317503
224,0.5,1.2621317503
225,0.5,1.37228940137
226,0.5,1.37228940137
227,0.5,1.39887090579
228,0.5,1.39887090579
229,0.5,1.49445923187
230,0.5,1.49445923187
231,0.5,1.56195968547
232,0.5,1.56195968547
233,0.5,1.51792178239
234,0.5,1.51792178239
235,0.5,1.34770112769
236,0.5,1.34770112769
237,0.5,1.54982781436
238,0.5,1.54982781436
239,0.5,1.25730923622
240,0.5,1.25730923622
241,0.5,1.39869088481
242,0.5,1.39869088481
243,0.5,1.29032531892
244,0.5,1.29032531892
245,0.5,1.45333816062
246,0.5,1.45333816062
247,0.5,1.57844605193
248,0.5,1.57844605193
249,0.5,1.40361841704
250,0.5,1.40361841704
251,0.5,1.5528745338
252,0.5,1.5528745338
253,0.5,1.24556703559
254,0.5,1.24556703559
255,0.5,1.284448525
256,0.5,1.284448525
257,0.5,1.28511546434
258,0.5,1.28511546434
259,0.5,1.56623519199
260,0.5,1.56623519199
261,0.5,1.35407440777
262,0.5,1.35407440777
263,0.5,1.22527989205
264,0.5,1.22527989205
265,0.5,1.236430554
266,0.5,1.236430554
267,0.5,1.39791902726
268,0.5,1.39791902726
269,0.5,1.61681543001
270,0.5,1.61681543001
271,0.5,1.30681952749
272,0.5,1.30681952749
273,0.5,1.56881577571
274,0.5,1.56881577571
275,0.5,1.63630141085
276,0.5,1.63630141085
277,0.5,1.41784464512
278,0.5,1.41784464512
279,0.5,1.41089694833
280,0.5,1.41089694833
281,0.5,1.32074026934
282,0.5,1.32074026934
283,0.5,1.2461951506
284,0.5,1.2461951506
285,0.5,1.23703521832
286,0.5,1.23703521832
287,0.5,1.54967689734
288,0.5,1.54967689734
289,0.5,1.37051571213
290,0.5,1.37051571213
291,0.5,1.23037589141
292,0.5,1.23037589141
293,0.5,1.35253981068
294,0.5,1.35253981068
295,0.5,1.5354909364
296,0.5,1.5354909364
297,0.5,1.35636228063
298,0.5,1.35636228063
299,0.5,1.53844666963
300,0.5,1.53844666963
301,0.5,1.36461971058
302,0.5,1.36461971058
303,0.5,1.32882238324
304,0.5,1.32882238324
305,0.5,1.34259342557
306,0.5,1.34259342557
307,0.5,1.29661955848
308,0.5,1.29661955848
309,0.5,1.46740743738
310,0.5,1.46740743738
311,0.5,1.6436213599
312,0.5,1.6436213599
313,0.5,1.29306599637
314,0.5,1.29306599637
315,0.5,1.56351204507
316,0.5,1.56351204507
317,0.5,1.21881348888
318,0.5,1.21881348888
319,0.5,1.33134463743
320,0.5,1.33134463743
321,0.5,1.38560482576
322,0.5,1.38560482576
323,0.5,1.5378719784
324,0.5,1.5378719784
325,0.5,1.34516247526
326,0.5,1.34516247526
327,0.5,1.22106758345
328,0.5,1.22106758345
329,0.5,1.32976673637
330,0.5,1.32976673637
331,0.5,1.49558225151
332,0.5,1.49558225151
333,0.5,1.23783238276
334,0.5,1.23783238276
335,0.5,1.20428213247
336,0.5,1.20428213247
337,0.5,1.32815169564
338,0.5,1.32815169564
339,0.5,1.27588518205
340,0.5,1.27588518205
341,0.5,1.234094264
342,0.5,1.234094264
343,0.5,1.31217061266
344,0.5,1.31217061266
345,0.5,1.42105373735
346,0.5,1.42105373735
347,0.5,1.3752369889
348,0.5,1.3752369889
349,0.5,1.52504625673
350,0.5,1.52504625673
351,0.5,1.36646556694
352,0.5,1.36646556694
353,0.5,1.6132871323
354,0.5,1.6132871323
355,0.5,1.46347576665
356,0.5,1.46347576665
357,0.5,1.27938572583
358,0.5,1.27938572583
359,0.5,1.41002719346
360,0.5,1.41002719346
361,0.5,1.32109014874
362,0.5,1.32109014874
363,0.5,1.43671835988
364,0.5,1.43671835988
365,0.5,1.63350227964
366,0.5,1.63350227964
367,0.5,1.30655203991
368,0.5,1.30655203991
369,0.5,1.50698662369
370,0.5,1.50698662369
371,0.5,1.22251283711
372,0.5,1.22251283711
373,0.5,1.30957567083
374,0.5,1.30957567083
375,0.5,1.3176326251
376,0.5,1.3176326251
377,0.5,1.52951051817
378,0.5,1.52951051817
379,0.5,1.42648571731
380,0.5,1.42648571731
381,0.5,1.24323874041
382,0.5,1.24323874041
383,0.5,1.470378311
384,0.5,1.470378311
385,0.5,1.42566276917
386,0.5,1.42566276917
387,0.5,1.41748864865
388,0.5,1.41748864865
389,0.5,1.37922635875
390,0.5,1.37922635875
391,0.5,1.50417599197
392,0.5,1.50417599197
393,0.5,1.6249858165
394,0.5,1.6249858165
395,0.5,1.39957984675
396,0.5,1.39957984675
397,0.5,1.44037378505
398,0.5,1.44037378505
399,0.5,1.41177710775
400,0.5,1.41177710775
401,0.5,1.33249905241
402,0.5,1.33249905241
403,0.5,1.47272753311
404,0.5,1.47272753311
405,0.5,1.26299277232
406,0.5,1.26299277232
407,0.5,1.47282567966
408,0.5,1.47282567966
409,0.5,1.33345234472
410,0.5,1.33345234472
411,0.5,1.26529468243
412,0.5,1.26529468243
413,0.5,1.30934115939
414,0.5,1.30934115939
415,0.5,1.52232264607
416,0.5,1.52232264607
417,0.5,1.30043837921
418,0.5,1.30043837921
419,0.5,1.20372360885
420,0.5,1.20372360885
421,0.5,1.32745783251
422,0.5,1.32745783251
423,0.5,1.36034335139
424,0.5,1.36034335139
425,0.5,1.314269913
426,0.5,1.314269913
427,0.5,1.81489383622
428,0.5,1.81489383622
429,0.5,1.41309063138
430,0.5,1.41309063138
431,0.5,1.33623090635
432,0.5,1.33623090635
433,0.5,1.30297641778
434,0.5,1.30297641778
435,0.5,1.32315263467
436,0.5,1.32315263467
437,0.5,1.36285637002
438,0.5,1.36285637002
439,0.5,1.45363355152
440,0.5,1.45363355152
441,0.5,1.26505958793
442,0.5,1.26505958793
443,0.5,1.30711177577
444,0.5,1.30711177577
445,0.5,1.53537508859
446,0.5,1.53537508859
447,0.5,1.29419481244
448,0.5,1.29419481244
449,0.5,1.56924594442
450,0.5,1.56924594442
451,0.5,1.3158821044
452,0.5,1.3158821044
453,0.5,1.33689724721
454,0.5,1.33689724721
455,0.5,1.36749989777
456,0.5,1.36749989777
457,0.5,1.26106788737
458,0.5,1.26106788737
459,0.5,1.38836667886
460,0.5,1.38836667886
461,0.5,1.28887105258
462,0.5,1.28887105258
463,0.5,1.40855513911
464,0.5,1.40855513911
465,0.5,1.38278041771
466,0.5,1.38278041771
467,0.5,1.30344760182
468,0.5,1.30344760182
469,0.5,1.21957461087
470,0.5,1.21957461087
471,0.5,1.34464400431
472,0.5,1.34464400431
473,0.5,1.24162569892
474,0.5,1.24162569892
475,0.5,1.35258240482
476,0.5,1.35258240482
477,0.5,1.27050394272
478,0.5,1.27050394272
479,0.5,1.46575617887
480,0.5,1.46575617887
481,0.5,1.28878183357
482,0.5,1.28878183357
483,0.5,1.3243105334
484,0.5,1.3243105334
485,0.5,1.47657626128
486,0.5,1.47657626128
487,0.5,1.26235981417
488,0.5,1.26235981417
489,0.5,1.33228229422
490,0.5,1.33228229422
491,0.5,1.25015442622
492,0.5,1.25015442622
493,0.5,1.23691716642
494,0.5,1.23691716642
495,0.5,1.28627794871
496,0.5,1.28627794871
497,0.5,1.29231105519
498,0.5,1.29231105519
499,0.5,1.2004049863
500,0.5,1.2004049863
501,0.5,1.32766600284
502,0.5,1.32766600284
503,0.5,1.45155240138
504,0.5,1.45155240138
505,0.5,1.74348603689
506,0.5,1.74348603689
507,0.5,1.26747176713
508,0.5,1.26747176713
509,0.5,1.39501298892
510,0.5,1.39501298892
511,0.5,1.2414352889
512,0.5,1.2414352889
513,0.5,1.40901894501
514,0.5,1.40901894501
515,0.5,1.53980586649
516,0.5,1.53980586649
517,0.5,1.38257669398
518,0.5,1.38257669398
519,0.5,1.35907677342
520,0.5,1.35907677342
521,0.5,1.24582645575
522,0.5,1.24582645575
523,0.5,1.42138211287
524,0.5,1.42138211287
525,0.5,1.3934582968
526,0.5,1.3934582968
527,0.5,1.37542399317
528,0.5,1.37542399317
529,0.5,1.3742059864
530,0.5,1.3742059864
531,0.5,1.50835328401
532,0.5,1.50835328401
533,0.5,1.27554116904
534,0.5,1.27554116904
535,0.5,1.34421586074
536,0.5,1.34421586074
537,0.5,1.32659079088
538,0.5,1.32659079088
539,0.5,1.29880570256
540,0.5,1.29880570256
541,0.5,1.39662911414
542,0.5,1.39662911414
543,0.5,1.52865547956
544,0.5,1.52865547956
545,0.5,1.21706963199
546,0.5,1.21706963199
547,0.5,1.24179660384
548,0.5,1.24179660384
549,0.5,1.30786902473
550,0.5,1.30786902473
551,0.5,1.39024309627
552,0.5,1.39024309627
553,0.5,1.59888963582
554,0.5,1.59888963582
555,0.5,1.5620784898
556,0.5,1.5620784898
557,0.5,1.54105290349
558,0.5,1.54105290349
559,0.5,1.30227982404
560,0.5,1.30227982404
561,0.5,1.2424242624
562,0.5,1.2424242624
563,0.5,1.4176558674
564,0.5,1.4176558674
565,0.5,1.47470986056
566,0.5,1.47470986056
567,0.5,1.30478918194
568,0.5,1.30478918194
569,0.5,1.4221390854
570,0.5,1.4221390854
571,0.5,1.28243423527
572,0.5,1.28243423527
573,0.5,1.5440245905
574,0.5,1.5440245905
575,0.5,1.22792862312
576,0.5,1.22792862312
577,0.5,1.47068737844
578,0.5,1.47068737844
579,0.5,1.49670254544
580,0.5,1.49670254544
581,0.5,1.24693181889
582,0.5,1.24693181889
583,0.5,1.58889444513
584,0.5,1.58889444513
585,0.5,1.60857776994
586,0.5,1.60857776994
587,0.5,1.5472135943
588,0.5,1.5472135943
589,0.5,1.27792626928
590,0.5,1.27792626928
591,0.5,1.92173809458
592,0.5,1.92173809458
593,0.5,1.24881519688
594,0.5,1.24881519688
595,0.5,1.54943187804
596,0.5,1.54943187804
597,0.5,1.51324505094
598,0.5,1.51324505094
599,0.5,1.50476666904
600,0.5,1.50476666904
601,0.5,1.49227091016
602,0.5,1.49227091016
603,0.5,1.56075602259
604,0.5,1.56075602259
605,0.5,2.02073798741
606,0.5,2.02073798741
607,0.5,1.32506755006
608,0.5,1.32506755006
609,0.5,1.24973394055
610,0.5,1.24973394055
611,0.5,1.5045271518
612,0.5,1.5045271518
613,0.5,1.47811862804
614,0.5,1.47811862804
615,0.5,1.24906428556
616,0.5,1.24906428556
617,0.5,1.45244342602
618,0.5,1.45244342602
619,0.5,1.33076690173
620,0.5,1.33076690173
621,0.5,1.33997934314
622,0.5,1.33997934314
623,0.5,1.43012032723
624,0.5,1.43012032723
625,0.5,1.81625781028
626,0.5,1.81625781028
627,0.5,1.27219167497
628,0.5,1.27219167497
629,0.5,1.32224393836
630,0.5,1.32224393836
631,0.5,1.83798664375
632,0.5,1.83798664375
633,0.5,1.52168696304
634,0.5,1.52168696304
635,0.5,1.42043309543
636,0.5,1.42043309543
637,0.5,1.32681539722
638,0.5,1.32681539722
639,0.5,1.40921256077
640,0.5,1.40921256077
641,0.5,1.526105249
642,0.5,1.526105249
643,0.5,1.66487907851
644,0.5,1.66487907851
645,0.5,1.27215543792
646,0.5,1.27215543792
647,0.5,1.39923960119
648,0.5,1.39923960119
649,0.5,1.34428941511
650,0.5,1.34428941511
651,0.5,1.37510485144
652,0.5,1.37510485144
653,0.5,1.45086664638
654,0.5,1.45086664638
655,0.5,1.4500595563
656,0.5,1.4500595563
657,0.5,1.32670752094
658,0.5,1.32670752094
659,0.5,1.40518380622
660,0.5,1.40518380622
661,0.5,1.35708488059
662,0.5,1.35708488059
663,0.5,1.33977079125
664,0.5,1.33977079125
665,0.5,1.26832861305
666,0.5,1.26832861305
667,0.5,1.2738239904
668,0.5,1.2738239904
669,0.5,1.24341130823
670,0.5,1.24341130823
671,0.5,1.38460444502
672,0.5,1.38460444502
673,0.5,1.35304832819
674,0.5,1.35304832819
675,0.5,1.51473158225
676,0.5,1.51473158225
677,0.5,1.43425294258
678,0.5,1.43425294258
679,0.5,1.2350919812
680,0.5,1.2350919812
681,0.5,1.42985273764
682,0.5,1.42985273764
683,0.5,1.36813238091
684,0.5,1.36813238091
685,0.5,1.21076733758
686,0.5,1.21076733758
687,0.5,1.4963492061
688,0.5,1.4963492061
689,0.5,1.29889152468
690,0.5,1.29889152468
691,0.5,1.41562017478
692,0.5,1.41562017478
693,0.5,1.53350763563
694,0.5,1.53350763563
695,0.5,1.54293668218
696,0.5,1.54293668218
697,0.5,1.48862512796
698,0.5,1.48862512796
699,0.5,1.58133869533
700,0.5,1.58133869533
701,0.5,1.32910564994
702,0.5,1.32910564994
703,0.5,1.32483377445
704,0.5,1.32483377445
705,0.5,1.61819915965
706,0.5,1.61819915965
707,0.5,1.41788836432
708,0.5,1.41788836432
709,0.5,1.25655384834
710,0.5,1.25655384834
711,0.5,1.76356830105
712,0.5,1.76356830105
713,0.5,1.39681405993
714,0.5,1.39681405993
715,0.5,1.27406021424
716,0.5,1.27406021424
717,0.5,1.35562292525
718,0.5,1.35562292525
719,0.5,1.22767884698
720,0.5,1.22767884698
721,0.5,1.32711950566
722,0.5,1.32711950566
723,0.5,1.33872496595
724,0.5,1.33872496595
725,0.5,1.45789611946
726,0.5,1.45789611946
727,0.5,1.56646151807
728,0.5,1.56646151807
729,0.5,1.22853194986
730,0.5,1.22853194986
731,0.5,1.41032871303
732,0.5,1.41032871303
733,0.5,1.28104385357
734,0.5,1.28104385357
735,0.5,1.38941447477
736,0.5,1.38941447477
737,0.5,1.46344140342
738,0.5,1.46344140342
739,0.5,1.28267397191
740,0.5,1.28267397191
741,0.5,1.45394682841
742,0.5,1.45394682841
743,0.5,1.44433841361
744,0.5,1.44433841361
745,0.5,1.38439937751
746,0.5,1.38439937751
747,0.5,1.55504537427
748,0.5,1.55504537427
749,0.5,1.53335749676
750,0.5,1.53335749676
751,0.5,1.4074442082
752,0.5,1.4074442082
753,0.5,1.3773422928
754,0.5,1.3773422928
755,0.5,1.35068100257
756,0.5,1.35068100257
757,0.5,1.35862430306
758,0.5,1.35862430306
759,0.5,1.3068865816
760,0.5,1.3068865816
761,0.5,1.2287688698
762,0.5,1.2287688698
763,0.5,1.62985743277
764,0.5,1.62985743277
765,0.5,1.4530196835
766,0.5,1.4530196835
767,0.5,1.28407921045
768,0.5,1.28407921045
769,0.5,1.38532462247
770,0.5,1.38532462247
771,0.5,1.57541502532
772,0.5,1.57541502532
773,0.5,1.60805626917
774,0.5,1.60805626917
775,0.5,1.58958146468
776,0.5,1.58958146468
777,0.5,1.38126305908
778,0.5,1.38126305908
779,0.5,1.30916009338
780,0.5,1.30916009338
781,0.5,1.4144280244
782,0.5,1.4144280244
783,0.5,1.25969750803
784,0.5,1.25969750803
785,0.5,1.30891747319
786,0.5,1.30891747319
787,0.5,1.82546453122
788,0.5,1.82546453122
789,0.5,1.46079408734
790,0.5,1.46079408734
791,0.5,1.41811554564
792,0.5,1.41811554564
793,0.5,1.35694455624
794,0.5,1.35694455624
795,0.5,1.47373382896
796,0.5,1.47373382896
797,0.5,1.44656176085
798,0.5,1.44656176085
799,0.5,1.4488686084
800,0.5,1.4488686084
801,0.5,1.39900023962
802,0.5,1.39900023962
803,0.5,1.34454187662
804,0.5,1.34454187662
805,0.5,1.33575359906
806,0.5,1.33575359906
807,0.5,1.47109384392
808,0.5,1.47109384392
809,0.5,1.28645324032
810,0.5,1.28645324032
811,0.5,1.27015141157
812,0.5,1.27015141157
813,0.5,1.6751472383
814,0.5,1.6751472383
815,0.5,1.27202607635
816,0.5,1.27202607635
817,0.5,1.39313652286
818,0.5,1.39313652286
819,0.5,1.32548320248
820,0.5,1.32548320248
821,0.5,1.53518064131
822,0.5,1.53518064131
823,0.5,1.48772772892
824,0.5,1.48772772892
825,0.5,1.39158116322
826,0.5,1.39158116322
827,0.5,1.24526310377
828,0.5,1.24526310377
829,0.5,1.35237456289
830,0.5,1.35237456289
831,0.5,1.30796175307
832,0.5,1.30796175307
833,0.5,1.64271681706
834,0.5,1.64271681706
835,0.5,1.34926270752
836,0.5,1.34926270752
837,0.5,1.27519091114
838,0.5,1.27519091114
839,0.5,1.47970149425
840,0.5,1.47970149425
841,0.5,1.27488427447
842,0.5,1.27488427447
843,0.5,1.49521425086
844,0.5,1.49521425086
845,0.5,1.29955281272
846,0.5,1.29955281272
847,0.5,1.39958671421
848,0.5,1.39958671421
849,0.5,1.41067721121
850,0.5,1.41067721121
851,0.5,1.39907293709
852,0.5,1.39907293709
853,0.5,1.67574516271
854,0.5,1.67574516271
855,0.5,1.50110062027
856,0.5,1.50110062027
857,0.5,1.25399842951
858,0.5,1.25399842951
859,0.5,1.38550953274
860,0.5,1.38550953274
861,0.5,1.41881941411
862,0.5,1.41881941411
863,0.5,1.26660313899
864,0.5,1.26660313899
865,0.5,1.29510411232
866,0.5,1.29510411232
867,0.5,1.54534386378
868,0.5,1.54534386378
869,0.5,1.2411391741
870,0.5,1.2411391741
871,0.5,1.26181064853
872,0.5,1.26181064853
873,0.5,1.49848416324
874,0.5,1.49848416324
875,0.5,1.23568984614
876,0.5,1.23568984614
877,0.5,1.33975876793
878,0.5,1.33975876793
879,0.5,1.26387357717
880,0.5,1.26387357717
881,0.5,1.53658851152
882,0.5,1.53658851152
883,0.5,1.43029651631
884,0.5,1.43029651631
885,0.5,1.57620053035
886,0.5,1.57620053035
887,0.5,1.41499966363
888,0.5,1.41499966363
889,0.5,1.47074366527
890,0.5,1.47074366527
891,0.5,1.24747139475
892,0.5,1.24747139475
893,0.5,1.664668881
894,0.5,1.664668881
895,0.5,1.39321944071
896,0.5,1.39321944071
897,0.5,1.37083372902
898,0.5,1.37083372902
899,0.5,1.40469331509
900,0.5,1.40469331509
901,0.5,1.48694175065
902,0.5,1.48694175065
903,0.5,1.43012555916
904,0.5,1.43012555916
905,0.5,1.96787496034
906,0.5,1.96787496034
907,0.5,1.51845032386
908,0.5,1.51845032386
909,0.5,1.52292013523
910,0.5,1.52292013523
911,0.5,1.27859946532
912,0.5,1.27859946532
913,0.5,1.27707734084
914,0.5,1.27707734084
915,0.5,1.28310440938
916,0.5,1.28310440938
917,0.5,1.26099005847
918,0.5,1.26099005847
919,0.5,1.39504832247
920,0.5,1.39504832247
921,0.5,1.44939883341
922,0.5,1.44939883341
923,0.5,1.37372452201
924,0.5,1.37372452201
925,0.5,1.28689105576
926,0.5,1.28689105576
927,0.5,1.43994660595
928,0.5,1.43994660595
929,0.5,1.29256254969
930,0.5,1.29256254969
931,0.5,1.54091444828
932,0.5,1.54091444828
933,0.5,1.22836487904
934,0.5,1.22836487904
935,0.5,1.40080470898
936,0.5,1.40080470898
937,0.5,1.38605109601
938,0.5,1.38605109601
939,0.5,1.3701260762
940,0.5,1.3701260762
941,0.5,1.62721786386
942,0.5,1.62721786386
943,0.5,1.85433261617
944,0.5,1.85433261617
945,0.5,1.24516384309
946,0.5,1.24516384309
947,0.5,1.26193135398
948,0.5,1.26193135398
949,0.5,1.43233485021
950,0.5,1.43233485021
951,0.5,1.2953816334
952,0.5,1.2953816334
953,0.5,1.33612187104
954,0.5,1.33612187104
955,0.5,1.31485510367
956,0.5,1.31485510367
957,0.5,1.37956107316
958,0.5,1.37956107316
959,0.5,1.26039655855
960,0.5,1.26039655855
961,0.5,1.39140172174
962,0.5,1.39140172174
963,0.5,1.51489469463
964,0.5,1.51489469463
965,0.5,1.31346155048
966,0.5,1.31346155048
967,0.5,1.33819980766
968,0.5,1.33819980766
969,0.5,1.28244506913
970,0.5,1.28244506913
971,0.5,1.38222552353
972,0.5,1.38222552353
973,0.5,1.58586608442
974,0.5,1.58586608442
975,0.5,1.27830277613
976,0.5,1.27830277613
977,0.5,1.40540647588
978,0.5,1.40540647588
979,0.5,1.39235389829
980,0.5,1.39235389829
981,0.5,1.41959298709
982,0.5,1.41959298709
983,0.5,1.31577785832
984,0.5,1.31577785832
985,0.5,1.43835134316
986,0.5,1.43835134316
987,0.5,1.48014659581
988,0.5,1.48014659581
989,0.5,1.2212670475
990,0.5,1.2212670475
991,0.5,1.40423588779
992,0.5,1.40423588779
993,0.5,1.29976073978
994,0.5,1.29976073978
995,0.5,1.33881168228
996,0.5,1.33881168228
997,0.5,1.24409787602
998,0.5,1.24409787602
999,0.5,1.3967369684
1000,0.5,1.3967369684
1001,0.5,1.29011048447
1002,0.5,1.29011048447
1003,0.5,1.52511094536
1004,0.5,1.52511094536
1005,0.5,1.33795658674
1006,0.5,1.33795658674
1007,0.5,1.22506847756
1008,0.5,1.22506847756
1009,0.5,1.48173446489
1010,0.5,1.48173446489
1011,0.5,1.4758605916
1012,0.5,1.4758605916
1013,0.5,1.4643735798
1014,0.5,1.4643735798
1015,0.5,1.49974945256
1016,0.5,1.49974945256
1017,0.5,1.5655813368
1018,0.5,1.5655813368
1019,0.5,1.3040272227
1020,0.5,1.3040272227
1021,0.5,1.42658069417
1022,0.5,1.42658069417
1023,0.5,1.46088265821
1024,0.5,1.46088265821
1025,0.5,1.30348024609
1026,0.5,1.30348024609
1027,0.5,1.31430714556
1028,0.5,1.31430714556
1029,0.5,1.31682971966
1030,0.5,1.31682971966
1031,0.5,1.65873308705
1032,0.5,1.65873308705
1033,0.5,1.52482632011
1034,0.5,1.52482632011
1035,0.5,1.58088888046
1036,0.5,1.58088888046
1037,0.5,1.46299601414
1038,0.5,1.46299601414
1039,0.5,1.65570083191
1040,0.5,1.65570083191
1041,0.5,1.35023634393
1042,0.5,1.35023634393
1043,0.5,1.48520120917
1044,0.5,1.48520120917
1045,0.5,1.27434126762
1046,0.5,1.27434126762
1047,0.5,1.33159149124
1048,0.5,1.33159149124
1049,0.5,1.45154273133
1050,0.5,1.45154273133
1051,0.5,1.5089817769
1052,0.5,1.5089817769
1053,0.5,1.84364050496
1054,0.5,1.84364050496
1055,0.5,1.33281519278
1056,0.5,1.33281519278
1057,0.5,1.26972997797
1058,0.5,1.26972997797
1059,0.5,1.47960178784
1060,0.5,1.47960178784
1061,0.5,1.31645250755
1062,0.5,1.31645250755
1063,0.5,1.30195318022
1064,0.5,1.30195318022
1065,0.5,1.23260219289
1066,0.5,1.23260219289
1067,0.5,1.43847799865
1068,0.5,1.43847799865
1069,0.5,1.29113488701
1070,0.5,1.29113488701
1071,0.5,1.37589019512
1072,0.5,1.37589019512
1073,0.5,1.47446992174
1074,0.5,1.47446992174
1075,0.5,1.35116422807
1076,0.5,1.35116422807
1077,0.5,1.53307636426
1078,0.5,1.53307636426
1079,0.5,1.25546607728
1080,0.5,1.25546607728
1081,0.5,1.6042586956
1082,0.5,1.6042586956
1083,0.5,1.50205662721
1084,0.5,1.50205662721
1085,0.5,1.25272524499
1086,0.5,1.25272524499
1087,0.5,1.33626118266
1088,0.5,1.33626118266
1089,0.5,1.43685221683
1090,0.5,1.43685221683
1091,0.5,1.21980708153
1092,0.5,1.21980708153
1093,0.5,1.40614870279
1094,0.5,1.40614870279
1095,0.5,1.72468022868
1096,0.5,1.72468022868
1097,0.5,1.22657023649
1098,0.5,1.22657023649
1099,0.5,1.41915054175
1100,0.5,1.41915054175
1101,0.5,1.34488137838
1102,0.5,1.34488137838
1103,0.5,1.27822550578
1104,0.5,1.27822550578
1105,0.5,1.27235319026
1106,0.5,1.27235319026
1107,0.5,1.55411979988
1108,0.5,1.55411979988
1109,0.5,1.43687664279
1110,0.5,1.43687664279
1111,0.5,1.30688066796
1112,0.5,1.30688066796
1113,0.5,1.24302419443
1114,0.5,1.24302419443
1115,0.5,1.50054005864
1116,0.5,1.50054005864
1117,0.5,1.41070619804
1118,0.5,1.41070619804
1119,0.5,1.21856107104
1120,0.5,1.21856107104
1121,0.5,1.36188144008
1122,0.5,1.36188144008
1123,0.5,1.37410286641
1124,0.5,1.37410286641
1125,0.5,1.53459215142
1126,0.5,1.53459215142
1127,0.5,1.58017996588
1128,0.5,1.58017996588
1129,0.5,1.49984860572
1130,0.5,1.49984860572
1131,0.5,1.40058979585
1132,0.5,1.40058979585
1133,0.5,1.27445798269
1134,0.5,1.27445798269
1135,0.5,1.2805891837
1136,0.5,1.2805891837
1137,0.5,1.62741019874
1138,0.5,1.62741019874
1139,0.5,1.28613050848
1140,0.5,1.28613050848
1141,0.5,1.46208846712
1142,0.5,1.46208846712
1143,0.5,1.39432367664
1144,0.5,1.39432367664
1145,0.5,1.34352827223
1146,0.5,1.34352827223
1147,0.5,1.35124164511
1148,0.5,1.35124164511
1149,0.5,1.2253622489
1150,0.5,1.2253622489
1151,0.5,1.28589443693
1152,0.5,1.28589443693
1153,0.5,1.30395178675
1154,0.5,1.30395178675
1155,0.5,1.51681176406
1156,0.5,1.51681176406
1157,0.5,1.27255816117
1158,0.5,1.27255816117
1159,0.5,1.48305328417
1160,0.5,1.48305328417
1161,0.5,1.2473211137
1162,0.5,1.2473211137
1163,0.5,1.25706711218
1164,0.5,1.25706711218
1165,0.5,1.4770630261
1166,0.5,1.4770630261
1167,0.5,1.33179688177
1168,0.5,1.33179688177
1169,0.5,1.55375184668
1170,0.5,1.55375184668
1171,0.5,1.34464895428
1172,0.5,1.34464895428
1173,0.5,1.42735475404
1174,0.5,1.42735475404
1175,0.5,1.42719456801
1176,0.5,1.42719456801
1177,0.5,1.56208999249
1178,0.5,1.56208999249
1179,0.5,1.37360304774
1180,0.5,1.37360304774
1181,0.5,1.23790917217
1182,0.5,1.23790917217
1183,0.5,1.86656330779
1184,0.5,1.86656330779
1185,0.5,1.4709219834
1186,0.5,1.4709219834
1187,0.5,1.74784519572
1188,0.5,1.74784519572
1189,0.5,1.34547985973
1190,0.5,1.34547985973
1191,0.5,1.3577129725
1192,0.5,1.3577129725
1193,0.5,1.28735447054
1194,0.5,1.28735447054
1195,0.5,1.39602633451
1196,0.5,1.39602633451
1197,0.5,1.22451778235
1198,0.5,1.22451778235
1199,0.5,1.25453178055
1200,0.5,1.25453178055
1201,0.5,1.30987866268
1202,0.5,1.30987866268
1203,0.5,1.30556832167
1204,0.5,1.30556832167
1205,0.5,1.33539698078
1206,0.5,1.33539698078
1207,0.5,1.35405082305
1208,0.5,1.35405082305
1209,0.5,1.22609292546
1210,0.5,1.22609292546
1211,0.5,1.33572998734
1212,0.5,1.33572998734
1213,0.5,1.52483314065
1214,0.5,1.52483314065
1215,0.5,1.41990027155
1216,0.5,1.41990027155
1217,0.5,1.46593715864
1218,0.5,1.46593715864
1219,0.5,1.49533171889
1220,0.5,1.49533171889
1221,0.5,1.28020607597
1222,0.5,1.28020607597
1223,0.5,1.41864111095
1224,0.5,1.41864111095
1225,0.5,1.32081217734
1226,0.5,1.32081217734
1227,0.5,1.31437870117
1228,0.5,1.31437870117
1229,0.5,1.33224011845
1230,0.5,1.33224011845
1231,0.5,1.48964952146
1232,0.5,1.48964952146
1233,0.5,1.2298076484
1234,0.5,1.2298076484
1235,0.5,1.7202189681
1236,0.5,1.7202189681
1237,0.5,1.31631474533
1238,0.5,1.31631474533
1239,0.5,1.40218652088
1240,0.5,1.40218652088
1241,0.5,1.63310667757
1242,0.5,1.63310667757
1243,0.5,1.34181047152
1244,0.5,1.34181047152
1245,0.5,1.40233726234
1246,0.5,1.40233726234
1247,0.5,1.44371261666
1248,0.5,1.44371261666
1249,0.5,1.39337638117
1250,0.5,1.39337638117
1251,0.5,1.34067244969
1252,0.5,1.34067244969
1253,0.5,1.29781509049
1254,0.5,1.29781509049
1255,0.5,1.33021156419
1256,0.5,1.33021156419
1257,0.5,1.32516717058
1258,0.5,1.32516717058
1259,0.5,1.27814214819
1260,0.5,1.27814214819
1261,0.5,1.31163107928
1262,0.5,1.31163107928
1263,0.5,1.34978355151
1264,0.5,1.34978355151
1265,0.5,1.2277552513
1266,0.5,1.2277552513
1267,0.5,1.84483064986
1268,0.5,1.84483064986
1269,0.5,1.22404373743
1270,0.5,1.22404373743
1271,0.5,1.78587523318
1272,0.5,1.78587523318
1273,0.5,1.37595437301
1274,0.5,1.37595437301
1275,0.5,1.63634996798
1276,0.5,1.63634996798
1277,0.5,1.3779204789
1278,0.5,1.3779204789
1279,0.5,1.27249266466
1280,0.5,1.27249266466
1281,0.5,1.44374538172
1282,0.5,1.44374538172
1283,0.5,1.3207210355
1284,0.5,1.3207210355
1285,0.5,1.37489615728
1286,0.5,1.37489615728
1287,0.5,1.40308467926
1288,0.5,1.40308467926
1289,0.5,1.23189410254
1290,0.5,1.23189410254
1291,0.5,1.31703807207
1292,0.5,1.31703807207
1293,0.5,1.32009361997
1294,0.5,1.32009361997
1295,0.5,1.58800476412
1296,0.5,1.58800476412
1297,0.5,1.25178662251
1298,0.5,1.25178662251
1299,0.5,1.53548076694
1300,0.5,1.53548076694
1301,0.5,1.233544348
1302,0.5,1.233544348
1303,0.5,1.29424682717
1304,0.5,1.29424682717
1305,0.5,1.31618717388
1306,0.5,1.31618717388
1307,0.5,1.34397814969
1308,0.5,1.34397814969
1309,0.5,1.25079787216
1310,0.5,1.25079787216
1311,0.5,1.39735106199
1312,0.5,1.39735106199
1313,0.5,1.38674104967
1314,0.5,1.38674104967
1315,0.5,1.254139065
1316,0.5,1.254139065
1317,0.5,1.32378036782
1318,0.5,1.32378036782
1319,0.5,1.42048007375
1320,0.5,1.42048007375
1321,0.5,1.2680051772
1322,0.5,1.2680051772
1323,0.5,1.37531254749
1324,0.5,1.37531254749
1325,0.5,1.2144925636
1326,0.5,1.2144925636
1327,0.5,1.36500648343
1328,0.5,1.36500648343
1329,0.5,1.30807734433
1330,0.5,1.30807734433
1331,0.5,1.46523239947
1332,0.5,1.46523239947
1333,0.5,1.22581499187
1334,0.5,1.22581499187
1335,0.5,1.51060493807
1336,0.5,1.51060493807
1337,0.5,1.84515541527
1338,0.5,1.84515541527
1339,0.5,1.54581797746
1340,0.5,1.54581797746
1341,0.5,1.37828567863
1342,0.5,1.37828567863
1343,0.5,1.92021330808
1344,0.5,1.92021330808
1345,0.5,1.41247096192
1346,0.5,1.41247096192
1347,0.5,1.41913227125
1348,0.5,1.41913227125
1349,0.5,1.22073753148
1350,0.5,1.22073753148
1351,0.5,1.391024385
1352,0.5,1.391024385
1353,0.5,1.46400419777
1354,0.5,1.46400419777
1355,0.5,1.21299514263
1356,0.5,1.21299514263
1357,0.5,1.83488012989
1358,0.5,1.83488012989
1359,0.5,1.31489218067
1360,0.5,1.31489218067
1361,0.5,1.36198578226
1362,0.5,1.36198578226
1363,0.5,1.25201435593
1364,0.5,1.25201435593
1365,0.5,1.30140703899
1366,0.5,1.30140703899
1367,0.5,1.55040045745
1368,0.5,1.55040045745
1369,0.5,1.28524024845
1370,0.5,1.28524024845
1371,0.5,1.44540411075
1372,0.5,1.44540411075
1373,0.5,1.25810041079
1374,0.5,1.25810041079
1375,0.5,1.31389081668
1376,0.5,1.31389081668
1377,0.5,1.54228699331
1378,0.5,1.54228699331
1379,0.5,1.30883142797
1380,0.5,1.30883142797
1381,0.5,1.31934887861
1382,0.5,1.31934887861
1383,0.5,1.2718954897
1384,0.5,1.2718954897
1385,0.5,1.51310250564
1386,0.5,1.51310250564
1387,0.5,1.28483448831
1388,0.5,1.28483448831
1389,0.5,1.55653166612
1390,0.5,1.55653166612
1391,0.5,1.5525556806
1392,0.5,1.5525556806
1393,0.5,1.34594963583
1394,0.5,1.34594963583
1395,0.5,1.83646886308
1396,0.5,1.83646886308
1397,0.5,1.20696339796
1398,0.5,1.20696339796
1399,0.5,1.32328521294
1400,0.5,1.32328521294
1401,0.5,1.60476999233
1402,0.5,1.60476999233
1403,0.5,1.42211295519
1404,0.5,1.42211295519
1405,0.5,1.3303196452
1406,0.5,1.3303196452
1407,0.5,1.36744109639
1408,0.5,1.36744109639
1409,0.5,1.36264678483
1410,0.5,1.36264678483
1411,0.5,1.40729004522
1412,0.5,1.40729004522
1413,0.5,1.37530334211
1414,0.5,1.37530334211
1415,0.5,1.51254487227
1416,0.5,1.51254487227
1417,0.5,1.21522117011
1418,0.5,1.21522117011
1419,0.5,1.76436712014
1420,0.5,1.76436712014
1421,0.5,1.2534245973
1422,0.5,1.2534245973
1423,0.5,1.2693943389
1424,0.5,1.2693943389
1425,0.5,1.30932871636
1426,0.5,1.30932871636
1427,0.5,1.34642067459
1428,0.5,1.34642067459
1429,0.5,1.61687759917
1430,0.5,1.61687759917
1431,0.5,1.23700505061
1432,0.5,1.23700505061
1433,0.5,1.48940472248
1434,0.5,1.48940472248
1435,0.5,1.32755461554
1436,0.5,1.32755461554
1437,0.5,1.40301317588
1438,0.5,1.40301317588
1439,0.5,1.27348546253
1440,0.5,1.27348546253
1441,0.5,1.72194739044
1442,0.5,1.72194739044
1443,0.5,1.42138905614
1444,0.5,1.42138905614
1445,0.5,1.2876859887
1446,0.5,1.2876859887
1447,0.5,1.49032685991
1448,0.5,1.49032685991
1449,0.5,1.23061417853
1450,0.5,1.23061417853
1451,0.5,1.27254758945
1452,0.5,1.27254758945
1453,0.5,1.3436042029
1454,0.5,1.3436042029
1455,0.5,1.59486472838
1456,0.5,1.59486472838
1457,0.5,1.23454168771
1458,0.5,1.23454168771
1459,0.5,1.32851887122
1460,0.5,1.32851887122
1461,0.5,1.65118035612
1462,0.5,1.65118035612
1463,0.5,1.41515871192
1464,0.5,1.41515871192
1465,0.5,1.67578092317
1466,0.5,1.67578092317
1467,0.5,1.43052054901
1468,0.5,1.43052054901
1469,0.5,1.30445453845
1470,0.5,1.30445453845
1471,0.5,1.25355552952
1472,0.5,1.25355552952
1473,0.5,1.29799597303
1474,0.5,1.29799597303
1475,0.5,1.31282226017
1476,0.5,1.31282226017
1477,0.5,1.59015827646
1478,0.5,1.59015827646
1479,0.5,1.30431589198
1480,0.5,1.30431589198
1481,0.5,1.54269486201
1482,0.5,1.54269486201
1483,0.5,1.97718566287
1484,0.5,1.97718566287
1485,0.5,1.46199673537
1486,0.5,1.46199673537
1487,0.5,1.54975618285
1488,0.5,1.54975618285
1489,0.5,1.28772464671
1490,0.5,1.28772464671
1491,0.5,1.44577118342
1492,0.5,1.44577118342
1493,0.5,1.33861693247
1494,0.5,1.33861693247
1495,0.5,1.42315283599
1496,0.5,1.42315283599
1497,0.5,1.23064378448
1498,0.5,1.23064378448
1499,0.5,1.35425643756
1500,0.5,1.35425643756
1501,0.5,1.60826039758
1502,0.5,1.60826039758
1503,0.5,1.23234804346
1504,0.5,1.23234804346
1505,0.5,1.23737169336
1506,0.5,1.23737169336
1507,0.5,1.49047530751
1508,0.5,1.49047530751
1509,0.5,1.36392680067
1510,0.5,1.36392680067
1511,0.5,1.21009043451
1512,0.5,1.21009043451
1513,0.5,1.48648195241
1514,0.5,1.48648195241
1515,0.5,1.49482758036
1516,0.5,1.49482758036
1517,0.5,1.44715757601
1518,0.5,1.44715757601
1519,0.5,1.43538591848
1520,0.5,1.43538591848
1521,0.5,1.32697312493
1522,0.5,1.32697312493
1523,0.5,1.51252075335
1524,0.5,1.51252075335
1525,0.5,1.29978394918
1526,0.5,1.29978394918
1527,0.5,1.30670333641
1528,0.5,1.30670333641
1529,0.5,1.47692722243
1530,0.5,1.47692722243
1531,0.5,1.31235544406
1532,0.5,1.31235544406
1533,0.5,1.21050738655
1534,0.5,1.21050738655
1535,0.5,1.27688836868
1536,0.5,1.27688836868
1537,0.5,1.24413220481
1538,0.5,1.24413220481
1539,0.5,1.27579337973
1540,0.5,1.27579337973
1541,0.5,1.24487255082
1542,0.5,1.24487255082
1543,0.5,1.47806341017
1544,0.5,1.47806341017
1545,0.5,1.71332622024
1546,0.5,1.71332622024
1547,0.5,1.45577238345
1548,0.5,1.45577238345
1549,0.5,1.62526198219
1550,0.5,1.62526198219
1551,0.5,1.32322865284
1552,0.5,1.32322865284
1553,0.5,1.45294835179
1554,0.5,1.45294835179
1555,0.5,1.47827046603
1556,0.5,1.47827046603
1557,0.5,1.3564493603
1558,0.5,1.3564493603
1559,0.5,1.49501053135
1560,0.5,1.49501053135
1561,0.5,1.36931002748
1562,0.5,1.36931002748
1563,0.5,1.3974109261
1564,0.5,1.3974109261
1565,0.5,1.3517436057
1566,0.5,1.3517436057
1567,0.5,1.56677409894
1568,0.5,1.56677409894
1569,0.5,1.29527310753
1570,0.5,1.29527310753
1571,0.5,1.57330574231
1572,0.5,1.57330574231
1573,0.5,1.68281603208
1574,0.5,1.68281603208
1575,0.5,1.286483998
1576,0.5,1.286483998
1577,0.5,1.26551851018
1578,0.5,1.26551851018
1579,0.5,1.78853131855
1580,0.5,1.78853131855
1581,0.5,1.31249233651
1582,0.5,1.31249233651
1583,0.5,1.25000397012
1584,0.5,1.25000397012
1585,0.5,1.3033857827
1586,0.5,1.3033857827
1587,0.5,1.5240126754
1588,0.5,1.5240126754
1589,0.5,1.55964410469
1590,0.5,1.55964410469
1591,0.5,1.29335577992
1592,0.5,1.29335577992
1593,0.5,1.50341663752
1594,0.5,1.50341663752
1595,0.5,1.34344460951
1596,0.5,1.34344460951
1597,0.5,1.57960419336
1598,0.5,1.57960419336
1599,0.5,1.49566860455
1600,0.5,1.49566860455
1601,0.5,1.47816746764
1602,0.5,1.47816746764
1603,0.5,1.36935320548
1604,0.5,1.36935320548
1605,0.5,1.30501845185
1606,0.5,1.30501845185
1607,0.5,1.53502182108
1608,0.5,1.53502182108
1609,0.5,1.2693612754
1610,0.5,1.2693612754
1611,0.5,1.23959189337
1612,0.5,1.23959189337
1613,0.5,1.33079416397
1614,0.5,1.33079416397
1615,0.5,1.78278524913
1616,0.5,1.78278524913
1617,0.5,1.56209523519
1618,0.5,1.56209523519
1619,0.5,1.24689907758
1620,0.5,1.24689907758
1621,0.5,1.61104076397
1622,0.5,1.61104076397
1623,0.5,1.3901694538
1624,0.5,1.3901694538
1625,0.5,1.27753554573
1626,0.5,1.27753554573
1627,0.5,1.24269914766
1628,0.5,1.24269914766
1629,0.5,1.23060885239
1630,0.5,1.23060885239
1631,0.5,1.43913640625
1632,0.5,1.43913640625
1633,0.5,1.22385223009
1634,0.5,1.22385223009
1635,0.5,1.51844863639
1636,0.5,1.51844863639
1637,0.5,1.51169175284
1638,0.5,1.51169175284
1639,0.5,1.2778845006
1640,0.5,1.2778845006
1641,0.5,1.31193322791
1642,0.5,1.31193322791
1643,0.5,1.27375932693
1644,0.5,1.27375932693
1645,0.5,1.54579087726
1646,0.5,1.54579087726
1647,0.5,1.74045653045
1648,0.5,1.74045653045
1649,0.5,1.31666458793
1650,0.5,1.31666458793
1651,0.5,1.3249886312
1652,0.5,1.3249886312
1653,0.5,1.33265859793
1654,0.5,1.33265859793
1655,0.5,1.49022036358
1656,0.5,1.49022036358
1657,0.5,1.51026523337
1658,0.5,1.51026523337
1659,0.5,1.68448223276
1660,0.5,1.68448223276
1661,0.5,1.44125415221
1662,0.5,1.44125415221
1663,0.5,1.33651845659
1664,0.5,1.33651845659
1665,0.5,1.45831180398
1666,0.5,1.45831180398
1667,0.5,1.44810728745
1668,0.5,1.44810728745
1669,0.5,1.49450427043
1670,0.5,1.49450427043
1671,0.5,1.22463768453
1672,0.5,1.22463768453
1673,0.5,1.36112546905
1674,0.5,1.36112546905
1675,0.5,1.34908982819
1676,0.5,1.34908982819
1677,0.5,1.34928630285
1678,0.5,1.34928630285
1679,0.5,1.22389539751
1680,0.5,1.22389539751
1681,0.5,1.47296516824
1682,0.5,1.47296516824
1683,0.5,1.3332117225
1684,0.5,1.3332117225
1685,0.5,1.38393426537
1686,0.5,1.38393426537
1687,0.5,1.24459936117
1688,0.5,1.24459936117
1689,0.5,1.35176944434
1690,0.5,1.35176944434
1691,0.5,1.66059656363
1692,0.5,1.66059656363
1693,0.5,1.26152006234
1694,0.5,1.26152006234
1695,0.5,1.34848279384
1696,0.5,1.34848279384
1697,0.5,1.35187946482
1698,0.5,1.35187946482
1699,0.5,1.54937886367
1700,0.5,1.54937886367
1701,0.5,1.25787132062
1702,0.5,1.25787132062
1703,0.5,1.6031574448
1704,0.5,1.6031574448
1705,0.5,1.3366647642
1706,0.5,1.3366647642
1707,0.5,1.28334805149
1708,0.5,1.28334805149
1709,0.5,1.26838381739
1710,0.5,1.26838381739
1711,0.5,1.28585731543
1712,0.5,1.28585731543
1713,0.5,1.34038158933
1714,0.5,1.34038158933
1715,0.5,1.3977185719
1716,0.5,1.3977185719
1717,0.5,1.41827106305
1718,0.5,1.41827106305
1719,0.5,1.38900170511
1720,0.5,1.38900170511
1721,0.5,1.32888108951
1722,0.5,1.32888108951
1723,0.5,1.43408494562
1724,0.5,1.43408494562
1725,0.5,1.22842430801
1726,0.5,1.22842430801
1727,0.5,1.53117642469
1728,0.5,1.53117642469
1729,0.5,1.43714960493
1730,0.5,1.43714960493
1731,0.5,1.22920767919
1732,0.5,1.22920767919
1733,0.5,1.26586072253
1734,0.5,1.26586072253
1735,0.5,1.85728374388
1736,0.5,1.85728374388
1737,0.5,1.53407459127
1738,0.5,1.53407459127
1739,0.5,1.25704267045
1740,0.5,1.25704267045
1741,0.5,1.42925055356
1742,0.5,1.42925055356
1743,0.5,1.27622313776
1744,0.5,1.27622313776
1745,0.5,1.76118613566
1746,0.5,1.76118613566
1747,0.5,1.36504776884
1748,0.5,1.36504776884
1749,0.5,1.56852475878
1750,0.5,1.56852475878
1751,0.5,1.48363112866
1752,0.5,1.48363112866
1753,0.5,1.30885458008
1754,0.5,1.30885458008
1755,0.5,1.41852571777
1756,0.5,1.41852571777
1757,0.5,1.63942279042
1758,0.5,1.63942279042
1759,0.5,1.38523981605
1760,0.5,1.38523981605
1761,0.5,1.76927389552
1762,0.5,1.76927389552
1763,0.5,1.2690114449
1764,0.5,1.2690114449
1765,0.5,1.28455408378
1766,0.5,1.28455408378
1767,0.5,1.27489619601
1768,0.5,1.27489619601
1769,0.5,1.24567292975
1770,0.5,1.24567292975
1771,0.5,1.70815481975
1772,0.5,1.70815481975
1773,0.5,1.40257520826
1774,0.5,1.40257520826
1775,0.5,1.48578434107
1776,0.5,1.48578434107
1777,0.5,1.33568343716
1778,0.5,1.33568343716
1779,0.5,1.31943737892
1780,0.5,1.31943737892
1781,0.5,1.50606999441
1782,0.5,1.50606999441
1783,0.5,1.30683975712
1784,0.5,1.30683975712
1785,0.5,1.51936114374
1786,0.5,1.51936114374
1787,0.5,1.30179659349
1788,0.5,1.30179659349
1789,0.5,1.8119033892
1790,0.5,1.8119033892
1791,0.5,1.41551120457
1792,0.5,1.41551120457
1793,0.5,1.31386567748
1794,0.5,1.31386567748
1795,0.5,1.61998147525
1796,0.5,1.61998147525
1797,0.5,1.21867717475
1798,0.5,1.21867717475
1799,0.5,1.58423462771
1800,0.5,1.58423462771
1801,0.5,1.41258051377
1802,0.5,1.41258051377
1803,0.5,1.34730369443
1804,0.5,1.34730369443
1805,0.5,1.6954707671
1806,0.5,1.6954707671
1807,0.5,1.32877901319
1808,0.5,1.32877901319
1809,0.5,1.64049155507
1810,0.5,1.64049155507
1811,0.5,1.53849780811
1812,0.5,1.53849780811
1813,0.5,1.22530843444
1814,0.5,1.22530843444
1815,0.5,1.48003320899
1816,0.5,1.48003320899
1817,0.5,1.469690659
1818,0.5,1.469690659
1819,0.5,1.35493064165
1820,0.5,1.35493064165
1821,0.5,1.32696492363
1822,0.5,1.32696492363
1823,0.5,1.47742565419
1824,0.5,1.47742565419
1825,0.5,1.28066312678
1826,0.5,1.28066312678
1827,0.5,1.52816066019
1828,0.5,1.52816066019
1829,0.5,1.30996044221
1830,0.5,1.30996044221
1831,0.5,1.30531321379
1832,0.5,1.30531321379
1833,0.5,1.28483138332
1834,0.5,1.28483138332
1835,0.5,1.36075544161
1836,0.5,1.36075544161
1837,0.5,1.34388653237
1838,0.5,1.34388653237
1839,0.5,1.40952699802
1840,0.5,1.40952699802
1841,0.5,1.27917484991
1842,0.5,1.27917484991
1843,0.5,1.25273543795
1844,0.5,1.25273543795
1845,0.5,1.79592477382
1846,0.5,1.79592477382
1847,0.5,1.33728025227
1848,0.5,1.33728025227
1849,0.5,1.2288356603
1850,0.5,1.2288356603
1851,0.5,1.26861101485
1852,0.5,1.26861101485
1853,0.5,1.25630725586
1854,0.5,1.25630725586
1855,0.5,1.32174915459
1856,0.5,1.32174915459
1857,0.5,1.23504243652
1858,0.5,1.23504243652
1859,0.5,1.38682360403
1860,0.5,1.38682360403
1861,0.5,1.43841776923
1862,0.5,1.43841776923
1863,0.5,1.33946797981
1864,0.5,1.33946797981
1865,0.5,1.48602716603
1866,0.5,1.48602716603
1867,0.5,1.28960633593
1868,0.5,1.28960633593
1869,0.5,1.46314681564
1870,0.5,1.46314681564
1871,0.5,1.50808238668
1872,0.5,1.50808238668
1873,0.5,1.4233067571
1874,0.5,1.4233067571
1875,0.5,1.7190275186
1876,0.5,1.7190275186
1877,0.5,1.2868903207
1878,0.5,1.2868903207
1879,0.5,1.43683656076
1880,0.5,1.43683656076
1881,0.5,1.48175828867
1882,0.5,1.48175828867
1883,0.5,1.22584033524
1884,0.5,1.22584033524
1885,0.5,1.35164391762
1886,0.5,1.35164391762
1887,0.5,1.30803949959
1888,0.5,1.30803949959
1889,0.5,1.76759029146
1890,0.5,1.76759029146
1891,0.5,1.41093254849
1892,0.5,1.41093254849
1893,0.5,1.35950739116
1894,0.5,1.35950739116
1895,0.5,1.40528858506
1896,0.5,1.40528858506
1897,0.5,1.32244167914
1898,0.5,1.32244167914
1899,0.5,1.40265657335
1900,0.5,1.40265657335
1901,0.5,1.66898044586
1902,0.5,1.66898044586
1903,0.5,1.44805239817
1904,0.5,1.44805239817
1905,0.5,1.33002084547
1906,0.5,1.33002084547
1907,0.5,1.36232228103
1908,0.5,1.36232228103
1909,0.5,1.3519466496
1910,0.5,1.3519466496
1911,0.5,1.33137529707
1912,0.5,1.33137529707
1913,0.5,1.34601142307
1914,0.5,1.34601142307
1915,0.5,1.60718921179
1916,0.5,1.60718921179
1917,0.5,1.51838920532
1918,0.5,1.51838920532
1919,0.5,1.31596534796
1920,0.5,1.31596534796
1921,0.5,1.23209765236
1922,0.5,1.23209765236
1923,0.5,1.27587079318
1924,0.5,1.27587079318
1925,0.5,1.28779119327
1926,0.5,1.28779119327
1927,0.5,1.21031304267
1928,0.5,1.21031304267
1929,0.5,1.36493297205
1930,0.5,1.36493297205
1931,0.5,1.37167140408
1932,0.5,1.37167140408
1933,0.5,1.34752230206
1934,0.5,1.34752230206
1935,0.5,1.2299844521
1936,0.5,1.2299844521
1937,0.5,1.38275042125
1938,0.5,1.38275042125
1939,0.5,1.22792649308
1940,0.5,1.22792649308
1941,0.5,1.34387697524
1942,0.5,1.34387697524
1943,0.5,1.30818784669
1944,0.5,1.30818784669
1945,0.5,1.2309902685
1946,0.5,1.2309902685
1947,0.5,1.38597328975
1948,0.5,1.38597328975
1949,0.5,1.34057982417
1950,0.5,1.34057982417
1951,0.5,1.35970625427
1952,0.5,1.35970625427
1953,0.5,1.34179769658
1954,0.5,1.34179769658
1955,0.5,1.25261625136
1956,0.5,1.25261625136
1957,0.5,1.50793013312
1958,0.5,1.50793013312
1959,0.5,1.58096167494
1960,0.5,1.58096167494
1961,0.5,1.24872470382
1962,0.5,1.24872470382
1963,0.5,1.30680481573
1964,0.5,1.30680481573
1965,0.5,1.27413544839
1966,0.5,1.27413544839
1967,0.5,1.32929617025
1968,0.5,1.32929617025
1969,0.5,1.50685228416
1970,0.5,1.50685228416
1971,0.5,1.3689912562
1972,0.5,1.3689912562
1973,0.5,1.29116396804
1974,0.5,1.29116396804
1975,0.5,1.34495319395
1976,0.5,1.34495319395
1977,0.5,1.42857174618
1978,0.5,1.42857174618
1979,0.5,1.36619848147
1980,0.5,1.36619848147
1981,0.5,1.36411861703
1982,0.5,1.36411861703
1983,0.5,1.27499465627
1984,0.5,1.27499465627
1985,0.5,1.25983858052
1986,0.5,1.25983858052
1987,0.5,1.37937729706
1988,0.5,1.37937729706
1989,0.5,1.48529765416
1990,0.5,1.48529765416
1991,0.5,1.28081285816
1992,0.5,1.28081285816
1993,0.5,1.29279410729
1994,0.5,1.29279410729
1995,0.5,1.3765529599
1996,0.5,1.3765529599
1997,0.5,1.4211346546
1998,0.5,1.4211346546
1999,0.5,1.29904053531
2000,0.5,1.29904053531
2001,0.5,1.37563699088
2002,0.5,1.37563699088
2003,0.5,1.27720413661
2004,0.5,1.27720413661
2005,0.5,1.34065714466
2006,0.5,1.34065714466
2007,0.5,1.32123869949
2008,0.5,1.32123869949
2009,0.5,1.54939310608
2010,0.5,1.54939310608
2011,0.5,1.32009512672
2012,0.5,1.32009512672
2013,0.5,1.47831892113
2014,0.5,1.47831892113
2015,0.5,1.52223109137
2016,0.5,1.52223109137
2017,0.5,1.27137281024
2018,0.5,1.27137281024
2019,0.5,1.61412620616
2020,0.5,1.61412620616
2021,0.5,1.2863960148
2022,0.5,1.2863960148
2023,0.5,1.23808105873
2024,0.5,1.23808105873
2025,0.5,1.47066556544
2026,0.5,1.47066556544
2027,0.5,1.32361003039
2028,0.5,1.32361003039
2029,0.5,1.46885686953
2030,0.5,1.46885686953
2031,0.5,1.49857483471
2032,0.5,1.49857483471
2033,0.5,1.370823264
2034,0.5,1.370823264
2035,0.5,1.27989005418
2036,0.5,1.27989005418
2037,0.5,1.27818499723
2038,0.5,1.27818499723
2039,0.5,1.43522047308
2040,0.5,1.43522047308
2041,0.5,1.29034399727
2042,0.5,1.29034399727
2043,0.5,1.36041998037
2044,0.5,1.36041998037
2045,0.5,1.35193750944
2046,0.5,1.35193750944
2047,0.5,1.36615995131
2048,0.5,1.36615995131
2049,0.5,1.28342407503
2050,0.5,1.28342407503
2051,0.5,1.42378608684
2052,0.5,1.42378608684
2053,0.5,1.43958689488
2054,0.5,1.43958689488
2055,0.5,1.22646984402
2056,0.5,1.22646984402
2057,0.5,1.33036395602
2058,0.5,1.33036395602
2059,0.5,1.338222775
2060,0.5,1.338222775
2061,0.5,1.57193173309
2062,0.5,1.57193173309
2063,0.5,1.38444313402
2064,0.5,1.38444313402
2065,0.5,1.28100083612
2066,0.5,1.28100083612
2067,0.5,1.33690113298
2068,0.5,1.33690113298
2069,0.5,1.29621475216
2070,0.5,1.29621475216
2071,0.5,1.24556843847
2072,0.5,1.24556843847
2073,0.5,1.47503607718
2074,0.5,1.47503607718
2075,0.5,1.32878869618
2076,0.5,1.32878869618
2077,0.5,1.34961118535
2078,0.5,1.34961118535
2079,0.5,1.49031643759
2080,0.5,1.49031643759
2081,0.5,1.26775487854
2082,0.5,1.26775487854
2083,0.5,1.47424497149
2084,0.5,1.47424497149
2085,0.5,1.26189271121
2086,0.5,1.26189271121
2087,0.5,1.40332203207
2088,0.5,1.40332203207
2089,0.5,1.29805396521
2090,0.5,1.29805396521
2091,0.5,1.4322751135
2092,0.5,1.4322751135
2093,0.5,1.43199521746
2094,0.5,1.43199521746
2095,0.5,1.38232993466
2096,0.5,1.38232993466
2097,0.5,1.4692670059
2098,0.5,1.4692670059
2099,0.5,1.28718706649
2100,0.5,1.28718706649
2101,0.5,1.4108404206
2102,0.5,1.4108404206
2103,0.5,1.69681811752
2104,0.5,1.69681811752
2105,0.5,1.57052045706
2106,0.5,1.57052045706
2107,0.5,1.40782141479
2108,0.5,1.40782141479
2109,0.5,1.46633186137
2110,0.5,1.46633186137
2111,0.5,1.32995140642
2112,0.5,1.32995140642
2113,0.5,1.2846693529
2114,0.5,1.2846693529
2115,0.5,1.36427836642
2116,0.5,1.36427836642
2117,0.5,1.33475129028
2118,0.5,1.33475129028
2119,0.5,1.54583358351
2120,0.5,1.54583358351
2121,0.5,1.49617642226
2122,0.5,1.49617642226
2123,0.5,1.27454559366
2124,0.5,1.27454559366
2125,0.5,1.53485101423
2126,0.5,1.53485101423
2127,0.5,1.25782456098
2128,0.5,1.25782456098
2129,0.5,1.21714762631
2130,0.5,1.21714762631
2131,0.5,1.39055648318
2132,0.5,1.39055648318
2133,0.5,1.32123312239
2134,0.5,1.32123312239
2135,0.5,1.24692282026
2136,0.5,1.24692282026
2137,0.5,1.49871445335
2138,0.5,1.49871445335
2139,0.5,1.34347592406
2140,0.5,1.34347592406
2141,0.5,1.49601339624
2142,0.5,1.49601339624
2143,0.5,1.55409789094
2144,0.5,1.55409789094
2145,0.5,1.5508504202
2146,0.5,1.5508504202
2147,0.5,1.31720466778
2148,0.5,1.31720466778
2149,0.5,1.88151508967
2150,0.5,1.88151508967
2151,0.5,1.65272872882
2152,0.5,1.65272872882
2153,0.5,1.3319878744
2154,0.5,1.3319878744
2155,0.5,1.44604928795
2156,0.5,1.44604928795
2157,0.5,1.59961399495
2158,0.5,1.59961399495
2159,0.5,1.60427685055
2160,0.5,1.60427685055
2161,0.5,1.25729925319
2162,0.5,1.25729925319
2163,0.5,1.3839922614
2164,0.5,1.3839922614
2165,0.5,1.41112219557
2166,0.5,1.41112219557
2167,0.5,1.2328819789
2168,0.5,1.2328819789
2169,0.5,1.21944313151
2170,0.5,1.21944313151
2171,0.5,1.27989500425
2172,0.5,1.27989500425
2173,0.5,1.38110097146
2174,0.5,1.38110097146
2175,0.5,1.39308808561
2176,0.5,1.39308808561
2177,0.5,1.58472608804
2178,0.5,1.58472608804
2179,0.5,1.23868989854
2180,0.5,1.23868989854
2181,0.5,1.30434127649
2182,0.5,1.30434127649
2183,0.5,1.29608290075
2184,0.5,1.29608290075
2185,0.5,1.31880511323
2186,0.5,1.31880511323
2187,0.5,1.27342501821
2188,0.5,1.27342501821
2189,0.5,1.22211781415
2190,0.5,1.22211781415
2191,0.5,1.34366429055
2192,0.5,1.34366429055
2193,0.5,1.31697031437
2194,0.5,1.31697031437
2195,0.5,1.42566123911
2196,0.5,1.42566123911
2197,0.5,1.22669463933
2198,0.5,1.22669463933
2199,0.5,1.27166129547
2200,0.5,1.27166129547
2201,0.5,1.34420541103
2202,0.5,1.34420541103
2203,0.5,1.29112819922
2204,0.5,1.29112819922
2205,0.5,1.80948176293
2206,0.5,1.80948176293
2207,0.5,1.39342713067
2208,0.5,1.39342713067
2209,0.5,1.35474463732
2210,0.5,1.35474463732
2211,0.5,1.38031426094
2212,0.5,1.38031426094
2213,0.5,1.37729994399
2214,0.5,1.37729994399
2215,0.5,1.32951971912
2216,0.5,1.32951971912
2217,0.5,1.40845021832
2218,0.5,1.40845021832
2219,0.5,1.28617939847
2220,0.5,1.28617939847
2221,0.5,1.28476003445
2222,0.5,1.28476003445
2223,0.5,1.56605076113
2224,0.5,1.56605076113
2225,0.5,1.43247337169
2226,0.5,1.43247337169
2227,0.5,1.36575891426
2228,0.5,1.36575891426
2229,0.5,1.66902735195
2230,0.5,1.66902735195
2231,0.5,1.40294262749
2232,0.5,1.40294262749
2233,0.5,1.26436455197
2234,0.5,1.26436455197
2235,0.5,1.54162690201
2236,0.5,1.54162690201
2237,0.5,1.30400430705
2238,0.5,1.30400430705
2239,0.5,1.47228578341
2240,0.5,1.47228578341
2241,0.5,1.48314276374
2242,0.5,1.48314276374
2243,0.5,1.21771591492
2244,0.5,1.21771591492
2245,0.5,1.33573834874
2246,0.5,1.33573834874
2247,0.5,1.52345908621
2248,0.5,1.52345908621
2249,0.5,1.24010641573
2250,0.5,1.24010641573
2251,0.5,1.34708942865
2252,0.5,1.34708942865
2253,0.5,1.43536223172
2254,0.5,1.43536223172
2255,0.5,1.83499458256
2256,0.5,1.83499458256
2257,0.5,1.31763767951
2258,0.5,1.31763767951
2259,0.5,1.40181824186
2260,0.5,1.40181824186
2261,0.5,1.27469804948
2262,0.5,1.27469804948
2263,0.5,1.30040296568
2264,0.5,1.30040296568
2265,0.5,1.41031964807
2266,0.5,1.41031964807
2267,0.5,1.3255609213
2268,0.5,1.3255609213
2269,0.5,1.47072842974
2270,0.5,1.47072842974
2271,0.5,1.65546793768
2272,0.5,1.65546793768
2273,0.5,1.22437470273
2274,0.5,1.22437470273
2275,0.5,1.30706844057
2276,0.5,1.30706844057
2277,0.5,1.23223439588
2278,0.5,1.23223439588
2279,0.5,1.39291437372
2280,0.5,1.39291437372
2281,0.5,1.43116530443
2282,0.5,1.43116530443
2283,0.5,1.30038818867
2284,0.5,1.30038818867
2285,0.5,1.65350695731
2286,0.5,1.65350695731
2287,0.5,1.32727976793
2288,0.5,1.32727976793
2289,0.5,1.28432378294
2290,0.5,1.28432378294
2291,0.5,1.58392662377
2292,0.5,1.58392662377
2293,0.5,1.30736833181
2294,0.5,1.30736833181
2295,0.5,1.48997465482
2296,0.5,1.48997465482
2297,0.5,1.28371510956
2298,0.5,1.28371510956
2299,0.5,1.33793743622
2300,0.5,1.33793743622
2301,0.5,1.3010684394
2302,0.5,1.3010684394
2303,0.5,1.36817019218
2304,0.5,1.36817019218
2305,0.5,1.74380339728
2306,0.5,1.74380339728
2307,0.5,1.325746336
2308,0.5,1.325746336
2309,0.5,1.65274230281
2310,0.5,1.65274230281
2311,0.5,1.29477845239
2312,0.5,1.29477845239
2313,0.5,1.27469357553
2314,0.5,1.27469357553
2315,0.5,1.33656062811
2316,0.5,1.33656062811
2317,0.5,1.34609558792
2318,0.5,1.34609558792
2319,0.5,1.37347968332
2320,0.5,1.37347968332
2321,0.5,1.42618262426
2322,0.5,1.42618262426
2323,0.5,1.31707430852
2324,0.5,1.31707430852
2325,0.5,1.31649871635
2326,0.5,1.31649871635
2327,0.5,1.28389198774
2328,0.5,1.28389198774
2329,0.5,1.40602531596
2330,0.5,1.40602531596
2331,0.5,1.25994170337
2332,0.5,1.25994170337
2333,0.5,1.32455455215
2334,0.5,1.32455455215
2335,0.5,1.41928213509
2336,0.5,1.41928213509
2337,0.5,1.26927544669
2338,0.5,1.26927544669
2339,0.5,1.30812124803
2340,0.5,1.30812124803
2341,0.5,1.59207370335
2342,0.5,1.59207370335
2343,0.5,1.37506995165
2344,0.5,1.37506995165
2345,0.5,1.32324325759
2346,0.5,1.32324325759
2347,0.5,1.64816206538
2348,0.5,1.64816206538
2349,0.5,1.38187534825
2350,0.5,1.38187534825
2351,0.5,1.31510314533
2352,0.5,1.31510314533
2353,0.5,1.32414943672
2354,0.5,1.32414943672
2355,0.5,1.2113756969
2356,0.5,1.2113756969
2357,0.5,1.36361134045
2358,0.5,1.36361134045
2359,0.5,1.20586354727
2360,0.5,1.20586354727
2361,0.5,1.30850527663
2362,0.5,1.30850527663
2363,0.5,1.4464929829
2364,0.5,1.4464929829
2365,0.5,1.44675486589
2366,0.5,1.44675486589
2367,0.5,1.26543650973
2368,0.5,1.26543650973
2369,0.5,1.32074645832
2370,0.5,1.32074645832
2371,0.5,1.32029083373
2372,0.5,1.32029083373
2373,0.5,1.31862437368
2374,0.5,1.31862437368
2375,0.5,1.35069067087
2376,0.5,1.35069067087
2377,0.5,1.28759584155
2378,0.5,1.28759584155
2379,0.5,1.49621282293
2380,0.5,1.49621282293
2381,0.5,1.26827103786
2382,0.5,1.26827103786
2383,0.5,1.42188855038
2384,0.5,1.42188855038
2385,0.5,1.21033168061
2386,0.5,1.21033168061
2387,0.5,1.45255905508
2388,0.5,1.45255905508
2389,0.5,1.23201078669
2390,0.5,1.23201078669
2391,0.5,1.37994077366
2392,0.5,1.37994077366
2393,0.5,1.21016126871
2394,0.5,1.21016126871
2395,0.5,1.59667751124
2396,0.5,1.59667751124
2397,0.5,1.4107279125
2398,0.5,1.4107279125
2399,0.5,1.39788028771
2400,0.5,1.39788028771
2401,0.5,1.44634705189
2402,0.5,1.44634705189
2403,0.5,1.30181068559
2404,0.5,1.30181068559
2405,0.5,1.36873936814
2406,0.5,1.36873936814
2407,0.5,1.25760416759
2408,0.5,1.25760416759
2409,0.5,1.32183267263
2410,0.5,1.32183267263
2411,0.5,1.25620107354
2412,0.5,1.25620107354
2413,0.5,1.30760958533
2414,0.5,1.30760958533
2415,0.5,1.45241209131
2416,0.5,1.45241209131
2417,0.5,1.47192256091
2418,0.5,1.47192256091
2419,0.5,1.28461258075
2420,0.5,1.28461258075
2421,0.5,1.37897482967
2422,0.5,1.37897482967
2423,0.5,1.44442911629
2424,0.5,1.44442911629
2425,0.5,1.82320449509
2426,0.5,1.82320449509
2427,0.5,1.48658334144
2428,0.5,1.48658334144
2429,0.5,1.40221061546
2430,0.5,1.40221061546
2431,0.5,1.39040783996
2432,0.5,1.39040783996
2433,0.5,1.44133749187
2434,0.5,1.44133749187
2435,0.5,1.26575107389
2436,0.5,1.26575107389
2437,0.5,1.26109126705
2438,0.5,1.26109126705
2439,0.5,1.38256721325
2440,0.5,1.38256721325
2441,0.5,1.32807683851
2442,0.5,1.32807683851
2443,0.5,1.33305793891
2444,0.5,1.33305793891
2445,0.5,1.31653609833
2446,0.5,1.31653609833
2447,0.5,1.38516828137
2448,0.5,1.38516828137
2449,0.5,1.27815496788
2450,0.5,1.27815496788
2451,0.5,1.29206772108
2452,0.5,1.29206772108
2453,0.5,1.65596566131
2454,0.5,1.65596566131
2455,0.5,1.41389575778
2456,0.5,1.41389575778
2457,0.5,1.70886439071
2458,0.5,1.70886439071
2459,0.5,1.48625771805
2460,0.5,1.48625771805
2461,0.5,1.88998898905
2462,0.5,1.88998898905
2463,0.5,1.37187717937
2464,0.5,1.37187717937
2465,0.5,1.30029510163
2466,0.5,1.30029510163
2467,0.5,1.37464153193
2468,0.5,1.37464153193
2469,0.5,1.28155325167
2470,0.5,1.28155325167
2471,0.5,1.26303796612
2472,0.5,1.26303796612
2473,0.5,1.62375432112
2474,0.5,1.62375432112
2475,0.5,1.57581633996
2476,0.5,1.57581633996
2477,0.5,1.4172458756
2478,0.5,1.4172458756
2479,0.5,1.41225202278
2480,0.5,1.41225202278
2481,0.5,1.51220566848
2482,0.5,1.51220566848
2483,0.5,1.76443184656
2484,0.5,1.76443184656
2485,0.5,1.31277333385
2486,0.5,1.31277333385
2487,0.5,1.24043346748
2488,0.5,1.24043346748
2489,0.5,1.36721024658
2490,0.5,1.36721024658
2491,0.5,1.68385674639
2492,0.5,1.68385674639
2493,0.5,1.38948029368
2494,0.5,1.38948029368
2495,0.5,1.35113898487
2496,0.5,1.35113898487
2497,0.5,1.61479008731
2498,0.5,1.61479008731
2499,0.5,1.44846306328
2500,0.5,1.44846306328
2501,0.5,1.41426424235
2502,0.5,1.41426424235
2503,0.5,1.25574182028
2504,0.5,1.25574182028
2505,0.5,1.50215768951
2506,0.5,1.50215768951
2507,0.5,1.40156971047
2508,0.5,1.40156971047
2509,0.5,1.24370396137
2510,0.5,1.24370396137
2511,0.5,1.33368464964
2512,0.5,1.33368464964
2513,0.5,1.24640781795
2514,0.5,1.24640781795
2515,0.5,1.40336711072
2516,0.5,1.40336711072
2517,0.5,1.42669835662
2518,0.5,1.42669835662
2519,0.5,1.34095885945
2520,0.5,1.34095885945
2521,0.5,1.23578801342
2522,0.5,1.23578801342
2523,0.5,1.2812038332
2524,0.5,1.2812038332
2525,0.5,1.35169181332
2526,0.5,1.35169181332
2527,0.5,1.35305723307
2528,0.5,1.35305723307
2529,0.5,1.71698271723
2530,0.5,1.71698271723
2531,0.5,1.67807417253
2532,0.5,1.67807417253
2533,0.5,1.46241681888
2534,0.5,1.46241681888
2535,0.5,1.3311887641
2536,0.5,1.3311887641
2537,0.5,1.38033933468
2538,0.5,1.38033933468
2539,0.5,1.50268314094
2540,0.5,1.50268314094
2541,0.5,1.33342183789
2542,0.5,1.33342183789
2543,0.5,1.21146176297
2544,0.5,1.21146176297
2545,0.5,1.3498856686
2546,0.5,1.3498856686
2547,0.5,1.63316410815
2548,0.5,1.63316410815
2549,0.5,1.29917390411
2550,0.5,1.29917390411
2551,0.5,1.46149854459
2552,0.5,1.46149854459
2553,0.5,1.75186656774
2554,0.5,1.75186656774
2555,0.5,1.65028564216
2556,0.5,1.65028564216
2557,0.5,1.25084484265
2558,0.5,1.25084484265
2559,0.5,1.39508245515
2560,0.5,1.39508245515
2561,0.5,1.32486727815
2562,0.5,1.32486727815
2563,0.5,1.2746769618
2564,0.5,1.2746769618
2565,0.5,1.60613425987
2566,0.5,1.60613425987
2567,0.5,1.88482867656
2568,0.5,1.88482867656
2569,0.5,1.59179628444
2570,0.5,1.59179628444
2571,0.5,1.65754714982
2572,0.5,1.65754714982
2573,0.5,1.35262877777
2574,0.5,1.35262877777
2575,0.5,1.28897813494
2576,0.5,1.28897813494
2577,0.5,1.28576980245
2578,0.5,1.28576980245
2579,0.5,1.71306216934
2580,0.5,1.71306216934
2581,0.5,1.62478907315
2582,0.5,1.62478907315
2583,0.5,1.63827036644
2584,0.5,1.63827036644
2585,0.5,1.50084513648
2586,0.5,1.50084513648
2587,0.5,1.62123478141
2588,0.5,1.62123478141
2589,0.5,1.29167694932
2590,0.5,1.29167694932
2591,0.5,1.90604542278
2592,0.5,1.90604542278
2593,0.5,1.31656450258
2594,0.5,1.31656450258
2595,0.5,1.33106781659
2596,0.5,1.33106781659
2597,0.5,1.42949406905
2598,0.5,1.42949406905
2599,0.5,1.75055964849
2600,0.5,1.75055964849
2601,0.5,1.42042312094
2602,0.5,1.42042312094
2603,0.5,1.24339868974
2604,0.5,1.24339868974
2605,0.5,1.42211476836
2606,0.5,1.42211476836
2607,0.5,1.65633985011
2608,0.5,1.65633985011
2609,0.5,1.35828518867
2610,0.5,1.35828518867
2611,0.5,1.63759082364
2612,0.5,1.63759082364
2613,0.5,1.22843083611
2614,0.5,1.22843083611
2615,0.5,1.62914760391
2616,0.5,1.62914760391
2617,0.5,1.28417243487
2618,0.5,1.28417243487
2619,0.5,1.51187669405
2620,0.5,1.51187669405
2621,0.5,1.30034366385
2622,0.5,1.30034366385
2623,0.5,1.32652210391
2624,0.5,1.32652210391
2625,0.5,1.60884609426
2626,0.5,1.60884609426
2627,0.5,1.27628281225
2628,0.5,1.27628281225
2629,0.5,1.2682273044
2630,0.5,1.2682273044
2631,0.5,1.62805222241
2632,0.5,1.62805222241
2633,0.5,1.48545461319
2634,0.5,1.48545461319
2635,0.5,1.28322049749
2636,0.5,1.28322049749
2637,0.5,1.3510656579
2638,0.5,1.3510656579
2639,0.5,1.33669670536
2640,0.5,1.33669670536
2641,0.5,1.34890798587
2642,0.5,1.34890798587
2643,0.5,1.38400718681
2644,0.5,1.38400718681
2645,0.5,1.31226540777
2646,0.5,1.31226540777
2647,0.5,1.37884973328
2648,0.5,1.37884973328
2649,0.5,1.25305190436
2650,0.5,1.25305190436
2651,0.5,1.3276235785
2652,0.5,1.3276235785
2653,0.5,1.38009537887
2654,0.5,1.38009537887
2655,0.5,1.36390631003
2656,0.5,1.36390631003
2657,0.5,1.51791560208
2658,0.5,1.51791560208
2659,0.5,1.40476133845
2660,0.5,1.40476133845
2661,0.5,1.27353146263
2662,0.5,1.27353146263
2663,0.5,1.3836410616
2664,0.5,1.3836410616
2665,0.5,1.45007908236
2666,0.5,1.45007908236
2667,0.5,1.32723874986
2668,0.5,1.32723874986
2669,0.5,1.80243935122
2670,0.5,1.80243935122
2671,0.5,1.50187504363
2672,0.5,1.50187504363
2673,0.5,1.57566216409
2674,0.5,1.57566216409
2675,0.5,1.36921847584
2676,0.5,1.36921847584
2677,0.5,1.36716216758
2678,0.5,1.36716216758
2679,0.5,1.51085547346
2680,0.5,1.51085547346
2681,0.5,1.34353686394
2682,0.5,1.34353686394
2683,0.5,1.25400663816
2684,0.5,1.25400663816
2685,0.5,1.37760005259
2686,0.5,1.37760005259
2687,0.5,1.29456109452
2688,0.5,1.29456109452
2689,0.5,1.57966498243
2690,0.5,1.57966498243
2691,0.5,1.40784699002
2692,0.5,1.40784699002
2693,0.5,1.41742557278
2694,0.5,1.41742557278
2695,0.5,1.26890134151
2696,0.5,1.26890134151
2697,0.5,1.5137559613
2698,0.5,1.5137559613
2699,0.5,1.87038905244
2700,0.5,1.87038905244
2701,0.5,1.40301821312
2702,0.5,1.40301821312
2703,0.5,1.35355788622
2704,0.5,1.35355788622
2705,0.5,1.24462874021
2706,0.5,1.24462874021
2707,0.5,1.29118819561
2708,0.5,1.29118819561
2709,0.5,1.36360362952
2710,0.5,1.36360362952
2711,0.5,1.32515531578
2712,0.5,1.32515531578
2713,0.5,1.3864348024
2714,0.5,1.3864348024
2715,0.5,1.33194343122
2716,0.5,1.33194343122
2717,0.5,1.26251203331
2718,0.5,1.26251203331
2719,0.5,1.55766841009
2720,0.5,1.55766841009
2721,0.5,1.42731368182
2722,0.5,1.42731368182
2723,0.5,1.59296155015
2724,0.5,1.59296155015
2725,0.5,1.254579732
2726,0.5,1.254579732
2727,0.5,1.3579974625
2728,0.5,1.3579974625
2729,0.5,1.56234256314
2730,0.5,1.56234256314
2731,0.5,1.41200642047
2732,0.5,1.41200642047
2733,0.5,1.30393169009
2734,0.5,1.30393169009
2735,0.5,1.29452955691
2736,0.5,1.29452955691
2737,0.5,1.25494722356
2738,0.5,1.25494722356
2739,0.5,1.4773162952
2740,0.5,1.4773162952
2741,0.5,1.37273348803
2742,0.5,1.37273348803
2743,0.5,1.5065192252
2744,0.5,1.5065192252
2745,0.5,1.51626568401
2746,0.5,1.51626568401
2747,0.5,1.20642602606
2748,0.5,1.20642602606
2749,0.5,1.53466058173
2750,0.5,1.53466058173
2751,0.5,1.2411799797
2752,0.5,1.2411799797
2753,0.5,1.37487479941
2754,0.5,1.37487479941
2755,0.5,1.38083408372
2756,0.5,1.38083408372
2757,0.5,1.32462995429
2758,0.5,1.32462995429
2759,0.5,1.31966973798
2760,0.5,1.31966973798
2761,0.5,1.23355767606
2762,0.5,1.23355767606
2763,0.5,1.47806745646
2764,0.5,1.47806745646
2765,0.5,1.24450012036
2766,0.5,1.24450012036
2767,0.5,1.43746594381
2768,0.5,1.43746594381
2769,0.5,1.52586444285
2770,0.5,1.52586444285
2771,0.5,1.30543823142
2772,0.5,1.30543823142
2773,0.5,1.35749298933
2774,0.5,1.35749298933
2775,0.5,1.29060489393
2776,0.5,1.29060489393
2777,0.5,1.35831382482
2778,0.5,1.35831382482
2779,0.5,1.90547063114
2780,0.5,1.90547063114
2781,0.5,1.22991797939
2782,0.5,1.22991797939
2783,0.5,1.55700242022
2784,0.5,1.55700242022
2785,0.5,1.42406537706
2786,0.5,1.42406537706
2787,0.5,1.44884010053
2788,0.5,1.44884010053
2789,0.5,1.46491623405
2790,0.5,1.46491623405
2791,0.5,1.28338841371
2792,0.5,1.28338841371
2793,0.5,1.39308668771
2794,0.5,1.39308668771
2795,0.5,1.30061389552
2796,0.5,1.30061389552
2797,0.5,1.25549248722
2798,0.5,1.25549248722
2799,0.5,1.45442323463
2800,0.5,1.45442323463
2801,0.5,1.33960315286
2802,0.5,1.33960315286
2803,0.5,1.27380979947
2804,0.5,1.27380979947
2805,0.5,1.79070005293
2806,0.5,1.79070005293
2807,0.5,1.35699374847
2808,0.5,1.35699374847
2809,0.5,1.60153023868
2810,0.5,1.60153023868
2811,0.5,1.38686187456
2812,0.5,1.38686187456
2813,0.5,1.41419080441
2814,0.5,1.41419080441
2815,0.5,1.58910626143
2816,0.5,1.58910626143
2817,0.5,1.33746460694
2818,0.5,1.33746460694
2819,0.5,1.73758186129
2820,0.5,1.73758186129
2821,0.5,1.3317444633
2822,0.5,1.3317444633
2823,0.5,1.61383427831
2824,0.5,1.61383427831
2825,0.5,1.27000542827
2826,0.5,1.27000542827
2827,0.5,1.51036247116
2828,0.5,1.51036247116
2829,0.5,1.36719598478
2830,0.5,1.36719598478
2831,0.5,1.30423553118
2832,0.5,1.30423553118
2833,0.5,1.2668178175
2834,0.5,1.2668178175
2835,0.5,1.38423478909
2836,0.5,1.38423478909
2837,0.5,1.41911414439
2838,0.5,1.41911414439
2839,0.5,1.2471600138
2840,0.5,1.2471600138
2841,0.5,1.31937978932
2842,0.5,1.31937978932
2843,0.5,1.51612154422
2844,0.5,1.51612154422
2845,0.5,1.46384454874
2846,0.5,1.46384454874
2847,0.5,1.28105559772
2848,0.5,1.28105559772
2849,0.5,1.305134571
2850,0.5,1.305134571
2851,0.5,1.31028649467
2852,0.5,1.31028649467
2853,0.5,1.39724293497
2854,0.5,1.39724293497
2855,0.5,1.24030180017
2856,0.5,1.24030180017
2857,0.5,1.49912849063
2858,0.5,1.49912849063
2859,0.5,1.38947385851
2860,0.5,1.38947385851
2861,0.5,1.4864985705
2862,0.5,1.4864985705
2863,0.5,1.39261048293
2864,0.5,1.39261048293
2865,0.5,1.43623215199
2866,0.5,1.43623215199
2867,0.5,1.40697628076
2868,0.5,1.40697628076
2869,0.5,1.25663255866
2870,0.5,1.25663255866
2871,0.5,1.41301112391
2872,0.5,1.41301112391
2873,0.5,1.26910205793
2874,0.5,1.26910205793
2875,0.5,1.65373913335
2876,0.5,1.65373913335
2877,0.5,1.51947274597
2878,0.5,1.51947274597
2879,0.5,1.47773204054
2880,0.5,1.47773204054
2881,0.5,1.28062787276
2882,0.5,1.28062787276
2883,0.5,1.36472995976
2884,0.5,1.36472995976
2885,0.5,1.4473750312
2886,0.5,1.4473750312
2887,0.5,1.3293289963
2888,0.5,1.3293289963
2889,0.5,1.63052907235
2890,0.5,1.63052907235
2891,0.5,1.65025435849
2892,0.5,1.65025435849
2893,0.5,1.42259585199
2894,0.5,1.42259585199
2895,0.5,1.28904605215
2896,0.5,1.28904605215
2897,0.5,1.25703734071
2898,0.5,1.25703734071
2899,0.5,1.39696272336
2900,0.5,1.39696272336
2901,0.5,1.32458795286
2902,0.5,1.32458795286
2903,0.5,1.35647245127
2904,0.5,1.35647245127
2905,0.5,1.39935455313
2906,0.5,1.39935455313
2907,0.5,1.25817168601
2908,0.5,1.25817168601
2909,0.5,1.53358900763
2910,0.5,1.53358900763
2911,0.5,1.24029018206
2912,0.5,1.24029018206
2913,0.5,1.52805412766
2914,0.5,1.52805412766
2915,0.5,1.44311507304
2916,0.5,1.44311507304
2917,0.5,1.39666782863
2918,0.5,1.39666782863
2919,0.5,1.42557809328
2920,0.5,1.42557809328
2921,0.5,1.35136448536
2922,0.5,1.35136448536
2923,0.5,1.56230683707
2924,0.5,1.56230683707
2925,0.5,1.30692517038
2926,0.5,1.30692517038
2927,0.5,1.54503241545
2928,0.5,1.54503241545
2929,0.5,1.36608941504
2930,0.5,1.36608941504
2931,0.5,1.30888118843
2932,0.5,1.30888118843
2933,0.5,1.26637948218
2934,0.5,1.26637948218
2935,0.5,1.23915721188
2936,0.5,1.23915721188
2937,0.5,1.47291133837
2938,0.5,1.47291133837
2939,0.5,1.27071492197
2940,0.5,1.27071492197
2941,0.5,1.30705057272
2942,0.5,1.30705057272
2943,0.5,1.41798171946
2944,0.5,1.41798171946
2945,0.5,1.61314693073
2946,0.5,1.61314693073
2947,0.5,1.26032664973
2948,0.5,1.26032664973
2949,0.5,1.23652160757
2950,0.5,1.23652160757
2951,0.5,1.34490685703
2952,0.5,1.34490685703
2953,0.5,1.2956389913
2954,0.5,1.2956389913
2955,0.5,1.41481518079
2956,0.5,1.41481518079
2957,0.5,1.66950807158
2958,0.5,1.66950807158
2959,0.5,1.3351384997
2960,0.5,1.3351384997
2961,0.5,1.35524487992
2962,0.5,1.35524487992
2963,0.5,1.47088696466
2964,0.5,1.47088696466
2965,0.5,1.38641406596
2966,0.5,1.38641406596
2967,0.5,1.30103955255
2968,0.5,1.30103955255
2969,0.5,1.46244760881
2970,0.5,1.46244760881
2971,0.5,1.31660370536
2972,0.5,1.31660370536
2973,0.5,1.33600571808
2974,0.5,1.33600571808
2975,0.5,1.26643393044
2976,0.5,1.26643393044
2977,0.5,1.23999455119
2978,0.5,1.23999455119
2979,0.5,1.37217824476
2980,0.5,1.37217824476
2981,0.5,1.82149269343
2982,0.5,1.82149269343
2983,0.5,1.34757351774
2984,0.5,1.34757351774
2985,0.5,1.28354615299
2986,0.5,1.28354615299
2987,0.5,1.49581867555
2988,0.5,1.49581867555
2989,0.5,1.66518813742
2990,0.5,1.66518813742
2991,0.5,1.33462636611
2992,0.5,1.33462636611
2993,0.5,1.30673997936
2994,0.5,1.30673997936
2995,0.5,1.32072993379
2996,0.5,1.32072993379
2997,0.5,1.59808381464
2998,0.5,1.59808381464
2999,0.5,1.53906510755
3000,0.5,1.53906510755
3001,0.5,1.26440581806
3002,0.5,1.26440581806
3003,0.5,1.5496513798
3004,0.5,1.5496513798
3005,0.5,1.37875218845
3006,0.5,1.37875218845
3007,0.5,1.75468441078
3008,0.5,1.75468441078
3009,0.5,1.53861678832
3010,0.5,1.53861678832
3011,0.5,1.62852543312
3012,0.5,1.62852543312
3013,0.5,1.32416549333
3014,0.5,1.32416549333
3015,0.5,1.54546864924
3016,0.5,1.54546864924
3017,0.5,1.44118470133
3018,0.5,1.44118470133
3019,0.5,1.32821281399
3020,0.5,1.32821281399
3021,0.5,1.42936982876
3022,0.5,1.42936982876
3023,0.5,1.4667135855
3024,0.5,1.4667135855
3025,0.5,1.48186698049
3026,0.5,1.48186698049
3027,0.5,1.26930421811
3028,0.5,1.26930421811
3029,0.5,1.32683594719
3030,0.5,1.32683594719
3031,0.5,1.37176529104
3032,0.5,1.37176529104
3033,0.5,1.24393159861
3034,0.5,1.24393159861
3035,0.5,1.52131815962
3036,0.5,1.52131815962
3037,0.5,1.85688670157
3038,0.5,1.85688670157
3039,0.5,1.31756409958
3040,0.5,1.31756409958
3041,0.5,1.37613953503
3042,0.5,1.37613953503
3043,0.5,1.36406211172
3044,0.5,1.36406211172
3045,0.5,1.35425505677
3046,0.5,1.35425505677
3047,0.5,1.41418648638
3048,0.5,1.41418648638
3049,0.5,1.52449872345
3050,0.5,1.52449872345
3051,0.5,1.33098198589
3052,0.5,1.33098198589
3053,0.5,1.73040536512
3054,0.5,1.73040536512
3055,0.5,1.51736958207
3056,0.5,1.51736958207
3057,0.5,1.45429294512
3058,0.5,1.45429294512
3059,0.5,1.25752778262
3060,0.5,1.25752778262
3061,0.5,1.46193623987
3062,0.5,1.46193623987
3063,0.5,1.28990514168
3064,0.5,1.28990514168
3065,0.5,1.95564413361
3066,0.5,1.95564413361
3067,0.5,1.36889388209
3068,0.5,1.36889388209
3069,0.5,1.31450879691
3070,0.5,1.31450879691
3071,0.5,1.28587991016
3072,0.5,1.28587991016
3073,0.5,1.38446924491
3074,0.5,1.38446924491
3075,0.5,1.29631998348
3076,0.5,1.29631998348
3077,0.5,1.28919687399
3078,0.5,1.28919687399
3079,0.5,1.4873558126
3080,0.5,1.4873558126
3081,0.5,1.29388206935
3082,0.5,1.29388206935
3083,0.5,1.66173963628
3084,0.5,1.66173963628
3085,0.5,1.47081354142
3086,0.5,1.47081354142
3087,0.5,1.42369872421
3088,0.5,1.42369872421
3089,0.5,1.30262734429
3090,0.5,1.30262734429
3091,0.5,1.35583816598
3092,0.5,1.35583816598
3093,0.5,1.47561462247
3094,0.5,1.47561462247
3095,0.5,1.24314914983
3096,0.5,1.24314914983
3097,0.5,1.36605348055
3098,0.5,1.36605348055
3099,0.5,1.24718172628
3100,0.5,1.24718172628
3101,0.5,1.39363333794
3102,0.5,1.39363333794
3103,0.5,1.31235083669
3104,0.5,1.31235083669
3105,0.5,1.28225139326
3106,0.5,1.28225139326
3107,0.5,1.41640924949
3108,0.5,1.41640924949
3109,0.5,1.32160518302
3110,0.5,1.32160518302
3111,0.5,1.70808680058
3112,0.5,1.70808680058
3113,0.5,1.38934948756
3114,0.5,1.38934948756
3115,0.5,1.39963644965
3116,0.5,1.39963644965
3117,0.5,1.39895473859
3118,0.5,1.39895473859
3119,0.5,1.32354020874
3120,0.5,1.32354020874
3121,0.5,1.25244142126
3122,0.5,1.25244142126
3123,0.5,1.31352810831
3124,0.5,1.31352810831
3125,0.5,1.36392714276
3126,0.5,1.36392714276
3127,0.5,1.36425533593
3128,0.5,1.36425533593
3129,0.5,1.35128014834
3130,0.5,1.35128014834
3131,0.5,1.27363301333
3132,0.5,1.27363301333
3133,0.5,1.37427438548
3134,0.5,1.37427438548
3135,0.5,1.32691402255
3136,0.5,1.32691402255
3137,0.5,1.28907456304
3138,0.5,1.28907456304
3139,0.5,1.36245024738
3140,0.5,1.36245024738
3141,0.5,1.45848034872
3142,0.5,1.45848034872
3143,0.5,1.56196329312
3144,0.5,1.56196329312
3145,0.5,1.34853130553
3146,0.5,1.34853130553
3147,0.5,1.58980985999
3148,0.5,1.58980985999
3149,0.5,1.4712604764
3150,0.5,1.4712604764
3151,0.5,1.46567848426
3152,0.5,1.46567848426
3153,0.5,1.36277879399
3154,0.5,1.36277879399
3155,0.5,1.4263296365
3156,0.5,1.4263296365
3157,0.5,1.33417954999
3158,0.5,1.33417954999
3159,0.5,1.43973423723
3160,0.5,1.43973423723
3161,0.5,1.3410451538
3162,0.5,1.3410451538
3163,0.5,1.32753552937
3164,0.5,1.32753552937
3165,0.5,1.47873246816
3166,0.5,1.47873246816
3167,0.5,1.22871842792
3168,0.5,1.22871842792
3169,0.5,1.56036030765
3170,0.5,1.56036030765
3171,0.5,1.46860097679
3172,0.5,1.46860097679
3173,0.5,1.22959834112
3174,0.5,1.22959834112
3175,0.5,1.29123201366
3176,0.5,1.29123201366
3177,0.5,1.50073774435
3178,0.5,1.50073774435
3179,0.5,1.84398938703
3180,0.5,1.84398938703
3181,0.5,1.44824708739
3182,0.5,1.44824708739
3183,0.5,1.23797545813
3184,0.5,1.23797545813
3185,0.5,1.26545742226
3186,0.5,1.26545742226
3187,0.5,1.34564559928
3188,0.5,1.34564559928
3189,0.5,1.29237321137
3190,0.5,1.29237321137
3191,0.5,1.41233520596
3192,0.5,1.41233520596
3193,0.5,1.31251085746
3194,0.5,1.31251085746
3195,0.5,1.73141195253
3196,0.5,1.73141195253
3197,0.5,1.61676275097
3198,0.5,1.61676275097
3199,0.5,1.40189122021
3200,0.5,1.40189122021
3201,0.5,1.32356670296
3202,0.5,1.32356670296
3203,0.5,1.55814235357
3204,0.5,1.55814235357
3205,0.5,1.24959063838
3206,0.5,1.24959063838
3207,0.5,1.2904687717
3208,0.5,1.2904687717
3209,0.5,1.27580928185
3210,0.5,1.27580928185
3211,0.5,1.49733092567
3212,0.5,1.49733092567
3213,0.5,1.80217821716
3214,0.5,1.80217821716
3215,0.5,1.26879206442
3216,0.5,1.26879206442
3217,0.5,1.88690160761
3218,0.5,1.88690160761
3219,0.5,1.25833803737
3220,0.5,1.25833803737
3221,0.5,1.35284796388
3222,0.5,1.35284796388
3223,0.5,1.60057822667
3224,0.5,1.60057822667
3225,0.5,1.22364337137
3226,0.5,1.22364337137
3227,0.5,1.21172462335
3228,0.5,1.21172462335
3229,0.5,1.25840226952
3230,0.5,1.25840226952
3231,0.5,1.30375493794
3232,0.5,1.30375493794
3233,0.5,1.6576062312
3234,0.5,1.6576062312
3235,0.5,1.56618264223
3236,0.5,1.56618264223
3237,0.5,1.3009294927
3238,0.5,1.3009294927
3239,0.5,1.4885551306
3240,0.5,1.4885551306
3241,0.5,1.38961658537
3242,0.5,1.38961658537
3243,0.5,1.33837149627
3244,0.5,1.33837149627
3245,0.5,1.31464895969
3246,0.5,1.31464895969
3247,0.5,1.34257735885
3248,0.5,1.34257735885
3249,0.5,1.42917813449
3250,0.5,1.42917813449
3251,0.5,1.34057033877
3252,0.5,1.34057033877
3253,0.5,1.36186383759
3254,0.5,1.36186383759
3255,0.5,1.242798273
3256,0.5,1.242798273
3257,0.5,1.31766588687
3258,0.5,1.31766588687
3259,0.5,1.24558360524
3260,0.5,1.24558360524
3261,0.5,1.36666626381
3262,0.5,1.36666626381
3263,0.5,1.36001827642
3264,0.5,1.36001827642
3265,0.5,1.4399722703
3266,0.5,1.4399722703
3267,0.5,1.33535050855
3268,0.5,1.33535050855
3269,0.5,1.36717632504
3270,0.5,1.36717632504
3271,0.5,1.31136506501
3272,0.5,1.31136506501
3273,0.5,1.21591966281
3274,0.5,1.21591966281
3275,0.5,1.28779683868
3276,0.5,1.28779683868
3277,0.5,1.69075153901
3278,0.5,1.69075153901
3279,0.5,1.31825401845
3280,0.5,1.31825401845
3281,0.5,1.32055377043
3282,0.5,1.32055377043
3283,0.5,1.38207041123
3284,0.5,1.38207041123
3285,0.5,1.34450329638
3286,0.5,1.34450329638
3287,0.5,1.26422203369
3288,0.5,1.26422203369
3289,0.5,1.29852012636
3290,0.5,1.29852012636
3291,0.5,1.50516054612
3292,0.5,1.50516054612
3293,0.5,1.28330385317
3294,0.5,1.28330385317
3295,0.5,1.30219255501
3296,0.5,1.30219255501
3297,0.5,1.29817407866
3298,0.5,1.29817407866
3299,0.5,1.4274111583
3300,0.5,1.4274111583
3301,0.5,1.85673356503
3302,0.5,1.85673356503
3303,0.5,1.25193879674
3304,0.5,1.25193879674
3305,0.5,1.24691199771
3306,0.5,1.24691199771
3307,0.5,1.32031329053
3308,0.5,1.32031329053
3309,0.5,1.80230074695
3310,0.5,1.80230074695
3311,0.5,1.40001077062
3312,0.5,1.40001077062
3313,0.5,1.40268898352
3314,0.5,1.40268898352
3315,0.5,1.56417581845
3316,0.5,1.56417581845
3317,0.5,1.49380496592
3318,0.5,1.49380496592
3319,0.5,1.31300719636
3320,0.5,1.31300719636
3321,0.5,1.25082519197
3322,0.5,1.25082519197
3323,0.5,1.45671931599
3324,0.5,1.45671931599
3325,0.5,1.52407589712
3326,0.5,1.52407589712
3327,0.5,1.40180711215
3328,0.5,1.40180711215
3329,0.5,1.63904031394
3330,0.5,1.63904031394
3331,0.5,1.3610938897
3332,0.5,1.3610938897
3333,0.5,1.32079509881
3334,0.5,1.32079509881
3335,0.5,1.39275305443
3336,0.5,1.39275305443
3337,0.5,1.32119070721
3338,0.5,1.32119070721
3339,0.5,1.34772339918
3340,0.5,1.34772339918
3341,0.5,1.54015021028
3342,0.5,1.54015021028
3343,0.5,1.56190989333
3344,0.5,1.56190989333
3345,0.5,1.46869817841
3346,0.5,1.46869817841
3347,0.5,1.37619933504
3348,0.5,1.37619933504
3349,0.5,1.33769279909
3350,0.5,1.33769279909
3351,0.5,1.45394832018
3352,0.5,1.45394832018
3353,0.5,1.58497855011
3354,0.5,1.58497855011
3355,0.5,1.45201587147
3356,0.5,1.45201587147
3357,0.5,1.38086676484
3358,0.5,1.38086676484
3359,0.5,1.57010763082
3360,0.5,1.57010763082
3361,0.5,1.39117203758
3362,0.5,1.39117203758
3363,0.5,1.33822843401
3364,0.5,1.33822843401
3365,0.5,1.46689330211
3366,0.5,1.46689330211
3367,0.5,1.2559260402
3368,0.5,1.2559260402
3369,0.5,1.25642100845
3370,0.5,1.25642100845
3371,0.5,1.56969326801
3372,0.5,1.56969326801
3373,0.5,1.29183440122
3374,0.5,1.29183440122
3375,0.5,1.51172885024
3376,0.5,1.51172885024
3377,0.5,1.67067507516
3378,0.5,1.67067507516
3379,0.5,1.38158718726
3380,0.5,1.38158718726
3381,0.5,1.29092370707
3382,0.5,1.29092370707
3383,0.5,1.25824275911
3384,0.5,1.25824275911
3385,0.5,1.32130453841
3386,0.5,1.32130453841
3387,0.5,1.94863702346
3388,0.5,1.94863702346
3389,0.5,1.27325059114
3390,0.5,1.27325059114
3391,0.5,1.44756034811
3392,0.5,1.44756034811
3393,0.5,1.34324310751
3394,0.5,1.34324310751
3395,0.5,1.37098735542
3396,0.5,1.37098735542
3397,0.5,1.60150226633
3398,0.5,1.60150226633
3399,0.5,1.5995835901
3400,0.5,1.5995835901
3401,0.5,1.20609384457
3402,0.5,1.20609384457
3403,0.5,1.38712961907
3404,0.5,1.38712961907
3405,0.5,1.32672169391
3406,0.5,1.32672169391
3407,0.5,1.59362962101
3408,0.5,1.59362962101
3409,0.5,1.42332027554
3410,0.5,1.42332027554
3411,0.5,1.25909414646
3412,0.5,1.25909414646
3413,0.5,1.56091130151
3414,0.5,1.56091130151
3415,0.5,1.44355997295
3416,0.5,1.44355997295
3417,0.5,1.42421734889
3418,0.5,1.42421734889
3419,0.5,1.49551359489
3420,0.5,1.49551359489
3421,0.5,1.31987801999
3422,0.5,1.31987801999
3423,0.5,1.33255663733
3424,0.5,1.33255663733
3425,0.5,1.69775790062
3426,0.5,1.69775790062
3427,0.5,1.36587223092
3428,0.5,1.36587223092
3429,0.5,1.57139502689
3430,0.5,1.57139502689
3431,0.5,1.55142545394
3432,0.5,1.55142545394
3433,0.5,1.22702444495
3434,0.5,1.22702444495
3435,0.5,1.3459352191
3436,0.5,1.3459352191
3437,0.5,1.28615401899
3438,0.5,1.28615401899
3439,0.5,1.72211541067
3440,0.5,1.72211541067
3441,0.5,1.35143406044
3442,0.5,1.35143406044
3443,0.5,1.24022677664
3444,0.5,1.24022677664
3445,0.5,1.50983561921
3446,0.5,1.50983561921
3447,0.5,1.33153828764
3448,0.5,1.33153828764
3449,0.5,1.2427929766
3450,0.5,1.2427929766
3451,0.5,1.43587417923
3452,0.5,1.43587417923
3453,0.5,1.27817461328
3454,0.5,1.27817461328
3455,0.5,1.59630640557
3456,0.5,1.59630640557
3457,0.5,1.46908838961
3458,0.5,1.46908838961
3459,0.5,1.40231740654
3460,0.5,1.40231740654
3461,0.5,1.42467541091
3462,0.5,1.42467541091
3463,0.5,1.3936832272
3464,0.5,1.3936832272
3465,0.5,1.70563327076
3466,0.5,1.70563327076
3467,0.5,1.23390966836
3468,0.5,1.23390966836
3469,0.5,1.35934514656
3470,0.5,1.35934514656
3471,0.5,1.28025979847
3472,0.5,1.28025979847
3473,0.5,1.6230851047
3474,0.5,1.6230851047
3475,0.5,1.21784596693
3476,0.5,1.21784596693
3477,0.5,1.54758673916
3478,0.5,1.54758673916
3479,0.5,1.42198688357
3480,0.5,1.42198688357
3481,0.5,1.388909368
3482,0.5,1.388909368
3483,0.5,1.46685088167
3484,0.5,1.46685088167
3485,0.5,1.32283827714
3486,0.5,1.32283827714
3487,0.5,1.37894034832
3488,0.5,1.37894034832
3489,0.5,1.26833390495
3490,0.5,1.26833390495
3491,0.5,1.32255626151
3492,0.5,1.32255626151
3493,0.5,1.29094633573
3494,0.5,1.29094633573
3495,0.5,1.48083463498
3496,0.5,1.48083463498
3497,0.5,1.35143085765
3498,0.5,1.35143085765
3499,0.5,1.46924725139
3500,0.5,1.46924725139
3501,0.5,1.47853797894
3502,0.5,1.47853797894
3503,0.5,1.74061986755
3504,0.5,1.74061986755
3505,0.5,1.54854116616
3506,0.5,1.54854116616
3507,0.5,1.28580199824
3508,0.5,1.28580199824
3509,0.5,1.81815681243
3510,0.5,1.81815681243
3511,0.5,1.406810492
3512,0.5,1.406810492
3513,0.5,1.44238636892
3514,0.5,1.44238636892
3515,0.5,1.65545498984
3516,0.5,1.65545498984
3517,0.5,1.37828054891
3518,0.5,1.37828054891
3519,0.5,1.33127077077
3520,0.5,1.33127077077
3521,0.5,1.32059081498
3522,0.5,1.32059081498
3523,0.5,1.5229035003
3524,0.5,1.5229035003
3525,0.5,1.30813307813
3526,0.5,1.30813307813
3527,0.5,1.28185617585
3528,0.5,1.28185617585
3529,0.5,1.39839877418
3530,0.5,1.39839877418
3531,0.5,1.35328486567
3532,0.5,1.35328486567
3533,0.5,1.35889772644
3534,0.5,1.35889772644
3535,0.5,1.32884504772
3536,0.5,1.32884504772
3537,0.5,1.35122573827
3538,0.5,1.35122573827
3539,0.5,1.34668249195
3540,0.5,1.34668249195
3541,0.5,1.65855887389
3542,0.5,1.65855887389
3543,0.5,1.21000868993
3544,0.5,1.21000868993
3545,0.5,1.28273879796
3546,0.5,1.28273879796
3547,0.5,1.37092242288
3548,0.5,1.37092242288
3549,0.5,1.6010170701
3550,0.5,1.6010170701
3551,0.5,1.55141978805
3552,0.5,1.55141978805
3553,0.5,1.66613007145
3554,0.5,1.66613007145
3555,0.5,1.38628683412
3556,0.5,1.38628683412
3557,0.5,1.3107531643
3558,0.5,1.3107531643
3559,0.5,1.29782118891
3560,0.5,1.29782118891
3561,0.5,2.02038025418
3562,0.5,2.02038025418
3563,0.5,1.34501195608
3564,0.5,1.34501195608
3565,0.5,1.25693326907
3566,0.5,1.25693326907
3567,0.5,1.49142639057
3568,0.5,1.49142639057
3569,0.5,1.63407045943
3570,0.5,1.63407045943
3571,0.5,1.27707343555
3572,0.5,1.27707343555
3573,0.5,1.29230573053
3574,0.5,1.29230573053
3575,0.5,1.25185552788
3576,0.5,1.25185552788
3577,0.5,1.32876260105
3578,0.5,1.32876260105
3579,0.5,1.28592307056
3580,0.5,1.28592307056
3581,0.5,1.3548767139
3582,0.5,1.3548767139
3583,0.5,1.2753137072
3584,0.5,1.2753137072
3585,0.5,1.242588763
3586,0.5,1.242588763
3587,0.5,1.43292173595
3588,0.5,1.43292173595
3589,0.5,1.28923276457
3590,0.5,1.28923276457
3591,0.5,1.42932037953
3592,0.5,1.42932037953
3593,0.5,1.41130228133
3594,0.5,1.41130228133
3595,0.5,1.44142466847
3596,0.5,1.44142466847
3597,0.5,1.41479944539
3598,0.5,1.41479944539
3599,0.5,1.34416238433
3600,0.5,1.34416238433
3601,0.5,1.20623685132
3602,0.5,1.20623685132
3603,0.5,1.72612237418
3604,0.5,1.72612237418
3605,0.5,1.2492013085
3606,0.5,1.2492013085
3607,0.5,1.26861852424
3608,0.5,1.26861852424
3609,0.5,1.41460417849
3610,0.5,1.41460417849
3611,0.5,1.26032474695
3612,0.5,1.26032474695
3613,0.5,1.36428602764
3614,0.5,1.36428602764
3615,0.5,1.35181676724
3616,0.5,1.35181676724
3617,0.5,1.51862539879
3618,0.5,1.51862539879
3619,0.5,1.45667363805
3620,0.5,1.45667363805
3621,0.5,1.48192984347
3622,0.5,1.48192984347
3623,0.5,1.47637709534
3624,0.5,1.47637709534
3625,0.5,1.44799459701
3626,0.5,1.44799459701
3627,0.5,1.33033631936
3628,0.5,1.33033631936
3629,0.5,1.26583581405
3630,0.5,1.26583581405
3631,0.5,1.37868777907
3632,0.5,1.37868777907
3633,0.5,1.37627164965
3634,0.5,1.37627164965
3635,0.5,1.35037563599
3636,0.5,1.35037563599
3637,0.5,1.28543061909
3638,0.5,1.28543061909
3639,0.5,1.3476832945
3640,0.5,1.3476832945
3641,0.5,1.33165759997
3642,0.5,1.33165759997
3643,0.5,1.6441208209
3644,0.5,1.6441208209
3645,0.5,1.26034105339
3646,0.5,1.26034105339
3647,0.5,1.60037572235
3648,0.5,1.60037572235
3649,0.5,1.32820193463
3650,0.5,1.32820193463
3651,0.5,1.2368503781
3652,0.5,1.2368503781
3653,0.5,1.73792401088
3654,0.5,1.73792401088
3655,0.5,1.21979769658
3656,0.5,1.21979769658
3657,0.5,1.35873049991
3658,0.5,1.35873049991
3659,0.5,1.33040516658
3660,0.5,1.33040516658
3661,0.5,1.38839612848
3662,0.5,1.38839612848
3663,0.5,1.26320703343
3664,0.5,1.26320703343
3665,0.5,1.2825527067
3666,0.5,1.2825527067
3667,0.5,1.33152110021
3668,0.5,1.33152110021
3669,0.5,1.2843238168
3670,0.5,1.2843238168
3671,0.5,1.38327845107
3672,0.5,1.38327845107
3673,0.5,1.61145576104
3674,0.5,1.61145576104
3675,0.5,1.42781842297
3676,0.5,1.42781842297
3677,0.5,1.40886996639
3678,0.5,1.40886996639
3679,0.5,1.34990391315
3680,0.5,1.34990391315
3681,0.5,1.61475838985
3682,0.5,1.61475838985
3683,0.5,1.28088005496
3684,0.5,1.28088005496
3685,0.5,1.52264874498
3686,0.5,1.52264874498
3687,0.5,1.63564622594
3688,0.5,1.63564622594
3689,0.5,1.41220969485
3690,0.5,1.41220969485
3691,0.5,1.25551143606
3692,0.5,1.25551143606
3693,0.5,1.35143491939
3694,0.5,1.35143491939
3695,0.5,1.39891569056
3696,0.5,1.39891569056
3697,0.5,2.02254882025
3698,0.5,2.02254882025
3699,0.5,1.49773872743
3700,0.5,1.49773872743
3701,0.5,1.34741179507
3702,0.5,1.34741179507
3703,0.5,1.2719038438
3704,0.5,1.2719038438
3705,0.5,1.31653398565
3706,0.5,1.31653398565
3707,0.5,1.26164354811
3708,0.5,1.26164354811
3709,0.5,1.34348409396
3710,0.5,1.34348409396
3711,0.5,1.55775020881
3712,0.5,1.55775020881
3713,0.5,1.30451164819
3714,0.5,1.30451164819
3715,0.5,1.20885029763
3716,0.5,1.20885029763
3717,0.5,1.21689788856
3718,0.5,1.21689788856
3719,0.5,1.33305171122
3720,0.5,1.33305171122
3721,0.5,1.6029128906
3722,0.5,1.6029128906
3723,0.5,1.28594378291
3724,0.5,1.28594378291
3725,0.5,1.35142406936
3726,0.5,1.35142406936
3727,0.5,1.42740732459
3728,0.5,1.42740732459
3729,0.5,1.49547085042
3730,0.5,1.49547085042
3731,0.5,1.372001848
3732,0.5,1.372001848
3733,0.5,1.3640613054
3734,0.5,1.3640613054
3735,0.5,1.3163541412
3736,0.5,1.3163541412
3737,0.5,1.4185518221
3738,0.5,1.4185518221
3739,0.5,1.65209676203
3740,0.5,1.65209676203
3741,0.5,1.24544920322
3742,0.5,1.24544920322
3743,0.5,1.38160712946
3744,0.5,1.38160712946
3745,0.5,1.26269491187
3746,0.5,1.26269491187
3747,0.5,1.36310396921
3748,0.5,1.36310396921
3749,0.5,1.26295909494
3750,0.5,1.26295909494
3751,0.5,1.29065559571
3752,0.5,1.29065559571
3753,0.5,1.55354968199
3754,0.5,1.55354968199
3755,0.5,1.23247118032
3756,0.5,1.23247118032
3757,0.5,1.32332581927
3758,0.5,1.32332581927
3759,0.5,1.36089149577
3760,0.5,1.36089149577
3761,0.5,1.38710372383
3762,0.5,1.38710372383
3763,0.5,1.31407249224
3764,0.5,1.31407249224
3765,0.5,1.35300035546
3766,0.5,1.35300035546
3767,0.5,1.66344264642
3768,0.5,1.66344264642
3769,0.5,1.47682570212
3770,0.5,1.47682570212
3771,0.5,1.96914227418
3772,0.5,1.96914227418
3773,0.5,1.5621728374
3774,0.5,1.5621728374
3775,0.5,1.37807286282
3776,0.5,1.37807286282
3777,0.5,1.22418259512
3778,0.5,1.22418259512
3779,0.5,1.28470779701
3780,0.5,1.28470779701
3781,0.5,1.43416372545
3782,0.5,1.43416372545
3783,0.5,1.29770876086
3784,0.5,1.29770876086
3785,0.5,1.61504777938
3786,0.5,1.61504777938
3787,0.5,1.29202791835
3788,0.5,1.29202791835
3789,0.5,1.43448832583
3790,0.5,1.43448832583
3791,0.5,1.53213728998
3792,0.5,1.53213728998
3793,0.5,1.53404846198
3794,0.5,1.53404846198
3795,0.5,1.24376897523
3796,0.5,1.24376897523
3797,0.5,1.22283094253
3798,0.5,1.22283094253
3799,0.5,1.40322784275
3800,0.5,1.40322784275
3801,0.5,1.27034656387
3802,0.5,1.27034656387
3803,0.5,1.35389829234
3804,0.5,1.35389829234
3805,0.5,1.45765405146
3806,0.5,1.45765405146
3807,0.5,1.32558681767
3808,0.5,1.32558681767
3809,0.5,1.23055946409
3810,0.5,1.23055946409
3811,0.5,1.42528801113
3812,0.5,1.42528801113
3813,0.5,1.43213582548
3814,0.5,1.43213582548
3815,0.5,1.33573814339
3816,0.5,1.33573814339
3817,0.5,1.65143468128
3818,0.5,1.65143468128
3819,0.5,1.5204422977
3820,0.5,1.5204422977
3821,0.5,1.43584028411
3822,0.5,1.43584028411
3823,0.5,1.26711077763
3824,0.5,1.26711077763
3825,0.5,1.31920949723
3826,0.5,1.31920949723
3827,0.5,1.40769334967
3828,0.5,1.40769334967
3829,0.5,1.42720500199
3830,0.5,1.42720500199
3831,0.5,1.70713167521
3832,0.5,1.70713167521
3833,0.5,1.3839711707
3834,0.5,1.3839711707
3835,0.5,1.4750526016
3836,0.5,1.4750526016
3837,0.5,1.34830647365
3838,0.5,1.34830647365
3839,0.5,1.70666095518
3840,0.5,1.70666095518
3841,0.5,1.69565456898
3842,0.5,1.69565456898
3843,0.5,1.43852225593
3844,0.5,1.43852225593
3845,0.5,1.45597973754
3846,0.5,1.45597973754
3847,0.5,1.38451836431
3848,0.5,1.38451836431
3849,0.5,1.32028215694
3850,0.5,1.32028215694
3851,0.5,1.49921381815
3852,0.5,1.49921381815
3853,0.5,1.44545131667
3854,0.5,1.44545131667
3855,0.5,1.3437075437
3856,0.5,1.3437075437
3857,0.5,1.311778075
3858,0.5,1.311778075
3859,0.5,1.30955160288
3860,0.5,1.30955160288
3861,0.5,1.57590545314
3862,0.5,1.57590545314
3863,0.5,1.28821921462
3864,0.5,1.28821921462
3865,0.5,1.22067454286
3866,0.5,1.22067454286
3867,0.5,1.23744334487
3868,0.5,1.23744334487
3869,0.5,1.28127885375
3870,0.5,1.28127885375
