id,damage,alpha,beta,tolerance,init_recovery_rate
284,0,5,0.025,0.5,4
232,0,5,0.025,0.5,4
826,0,5,0.025,0.5,4
156,0,5,0.025,0.5,4
650,0,5,0.025,0.5,4
269,0,5,0.025,0.5,4
869,0,5,0.025,0.5,4
197,0,5,0.025,0.5,4
765,0,5,0.025,0.5,4
701,0,5,0.025,0.5,4
306,0,5,0.025,0.5,4
900,0,5,0.025,0.5,4
808,0,5,0.025,0.5,4
740,0,5,0.025,0.5,4
947,0,5,0.025,0.5,4
847,0,5,0.025,0.5,4
326,0,5,0.025,0.5,4
553,0,5,0.025,0.5,4
361,0,5,0.025,0.5,4
592,0,5,0.025,0.5,4
408,0,5,0.025,0.5,4
631,0,5,0.025,0.5,4
463,0,5,0.025,0.5,4
18,0,5,0.025,0.5,4
975,0,5,0.025,0.5,4
562,0,5,0.025,0.5,4
498,0,5,0.025,0.5,4
69,0,5,0.025,0.5,4
605,0,5,0.025,0.5,4
541,0,5,0.025,0.5,4
108,0,5,0.025,0.5,4
123,0,5,0.025,0.5,4
635,0,5,0.025,0.5,4
166,0,5,0.025,0.5,4
800,0,5,0.025,0.5,4
225,0,5,0.025,0.5,4
833,0,5,0.025,0.5,4
641,0,5,0.025,0.5,4
264,0,5,0.025,0.5,4
878,0,5,0.025,0.5,4
196,0,5,0.025,0.5,4
774,0,5,0.025,0.5,4
713,0,5,0.025,0.5,4
359,0,5,0.025,0.5,4
303,0,5,0.025,0.5,4
235,0,5,0.025,0.5,4
815,0,5,0.025,0.5,4
400,0,5,0.025,0.5,4
679,0,5,0.025,0.5,4
856,0,5,0.025,0.5,4
437,0,5,0.025,0.5,4
333,0,5,0.025,0.5,4
893,0,5,0.025,0.5,4
370,0,5,0.025,0.5,4
930,0,5,0.025,0.5,4
415,0,5,0.025,0.5,4
339,0,5,0.025,0.5,4
456,0,5,0.025,0.5,4
380,0,5,0.025,0.5,4
982,0,5,0.025,0.5,4
569,0,5,0.025,0.5,4
489,0,5,0.025,0.5,4
62,0,5,0.025,0.5,4
614,0,5,0.025,0.5,4
534,0,5,0.025,0.5,4
99,0,5,0.025,0.5,4
15,0,5,0.025,0.5,4
132,0,5,0.025,0.5,4
56,0,5,0.025,0.5,4
173,0,5,0.025,0.5,4
93,0,5,0.025,0.5,4
37,0,5,0.025,0.5,4
994,0,5,0.025,0.5,4
202,0,5,0.025,0.5,4
138,0,5,0.025,0.5,4
74,0,5,0.025,0.5,4
648,0,5,0.025,0.5,4
255,0,5,0.025,0.5,4
779,0,5,0.025,0.5,4
119,0,5,0.025,0.5,4
687,0,5,0.025,0.5,4
296,0,5,0.025,0.5,4
822,0,5,0.025,0.5,4
726,0,5,0.025,0.5,4
670,0,5,0.025,0.5,4
273,0,5,0.025,0.5,4
849,0,5,0.025,0.5,4
705,0,5,0.025,0.5,4
318,0,5,0.025,0.5,4
888,0,5,0.025,0.5,4
752,0,5,0.025,0.5,4
927,0,5,0.025,0.5,4
410,0,5,0.025,0.5,4
346,0,5,0.025,0.5,4
445,0,5,0.025,0.5,4
381,0,5,0.025,0.5,4
989,0,5,0.025,0.5,4
580,0,5,0.025,0.5,4
488,0,5,0.025,0.5,4
420,0,5,0.025,0.5,4
611,0,5,0.025,0.5,4
527,0,5,0.025,0.5,4
467,0,5,0.025,0.5,4
6,0,5,0.025,0.5,4
955,0,5,0.025,0.5,4
510,0,5,0.025,0.5,4
41,0,5,0.025,0.5,4
172,0,5,0.025,0.5,4
88,0,5,0.025,0.5,4
211,0,5,0.025,0.5,4
143,0,5,0.025,0.5,4
242,0,5,0.025,0.5,4
178,0,5,0.025,0.5,4
788,0,5,0.025,0.5,4
114,0,5,0.025,0.5,4
285,0,5,0.025,0.5,4
917,0,5,0.025,0.5,4
221,0,5,0.025,0.5,4
829,0,5,0.025,0.5,4
661,0,5,0.025,0.5,4
268,0,5,0.025,0.5,4
858,0,5,0.025,0.5,4
762,0,5,0.025,0.5,4
698,0,5,0.025,0.5,4
315,0,5,0.025,0.5,4
911,0,5,0.025,0.5,4
480,0,5,0.025,0.5,4
743,0,5,0.025,0.5,4
952,0,5,0.025,0.5,4
513,0,5,0.025,0.5,4
321,0,5,0.025,0.5,4
558,0,5,0.025,0.5,4
390,0,5,0.025,0.5,4
587,0,5,0.025,0.5,4
427,0,5,0.025,0.5,4
620,0,5,0.025,0.5,4
460,0,5,0.025,0.5,4
29,0,5,0.025,0.5,4
970,0,5,0.025,0.5,4
501,0,5,0.025,0.5,4
66,0,5,0.025,0.5,4
546,0,5,0.025,0.5,4
111,0,5,0.025,0.5,4
599,0,5,0.025,0.5,4
152,0,5,0.025,0.5,4
640,0,5,0.025,0.5,4
185,0,5,0.025,0.5,4
793,0,5,0.025,0.5,4
230,0,5,0.025,0.5,4
828,0,5,0.025,0.5,4
158,0,5,0.025,0.5,4
652,0,5,0.025,0.5,4
259,0,5,0.025,0.5,4
867,0,5,0.025,0.5,4
199,0,5,0.025,0.5,4
767,0,5,0.025,0.5,4
753,0,5,0.025,0.5,4
354,0,5,0.025,0.5,4
308,0,5,0.025,0.5,4
898,0,5,0.025,0.5,4
240,0,5,0.025,0.5,4
802,0,5,0.025,0.5,4
738,0,5,0.025,0.5,4
674,0,5,0.025,0.5,4
845,0,5,0.025,0.5,4
328,0,5,0.025,0.5,4
892,0,5,0.025,0.5,4
367,0,5,0.025,0.5,4
590,0,5,0.025,0.5,4
406,0,5,0.025,0.5,4
625,0,5,0.025,0.5,4
449,0,5,0.025,0.5,4
20,0,5,0.025,0.5,4
977,0,5,0.025,0.5,4
568,0,5,0.025,0.5,4
500,0,5,0.025,0.5,4
59,0,5,0.025,0.5,4
607,0,5,0.025,0.5,4
539,0,5,0.025,0.5,4
106,0,5,0.025,0.5,4
10,0,5,0.025,0.5,4
953,0,5,0.025,0.5,4
125,0,5,0.025,0.5,4
168,0,5,0.025,0.5,4
207,0,5,0.025,0.5,4
835,0,5,0.025,0.5,4
809,0,5,0.025,0.5,4
643,0,5,0.025,0.5,4
262,0,5,0.025,0.5,4
876,0,5,0.025,0.5,4
776,0,5,0.025,0.5,4
684,0,5,0.025,0.5,4
297,0,5,0.025,0.5,4
233,0,5,0.025,0.5,4
729,0,5,0.025,0.5,4
398,0,5,0.025,0.5,4
665,0,5,0.025,0.5,4
854,0,5,0.025,0.5,4
435,0,5,0.025,0.5,4
335,0,5,0.025,0.5,4
883,0,5,0.025,0.5,4
376,0,5,0.025,0.5,4
932,0,5,0.025,0.5,4
413,0,5,0.025,0.5,4
341,0,5,0.025,0.5,4
442,0,5,0.025,0.5,4
378,0,5,0.025,0.5,4
984,0,5,0.025,0.5,4
575,0,5,0.025,0.5,4
491,0,5,0.025,0.5,4
423,0,5,0.025,0.5,4
616,0,5,0.025,0.5,4
532,0,5,0.025,0.5,4
97,0,5,0.025,0.5,4
1,0,5,0.025,0.5,4
134,0,5,0.025,0.5,4
54,0,5,0.025,0.5,4
175,0,5,0.025,0.5,4
91,0,5,0.025,0.5,4
39,0,5,0.025,0.5,4
996,0,5,0.025,0.5,4
216,0,5,0.025,0.5,4
140,0,5,0.025,0.5,4
80,0,5,0.025,0.5,4
253,0,5,0.025,0.5,4
181,0,5,0.025,0.5,4
781,0,5,0.025,0.5,4
117,0,5,0.025,0.5,4
685,0,5,0.025,0.5,4
290,0,5,0.025,0.5,4
916,0,5,0.025,0.5,4
824,0,5,0.025,0.5,4
724,0,5,0.025,0.5,4
672,0,5,0.025,0.5,4
279,0,5,0.025,0.5,4
863,0,5,0.025,0.5,4
755,0,5,0.025,0.5,4
711,0,5,0.025,0.5,4
320,0,5,0.025,0.5,4
886,0,5,0.025,0.5,4
473,0,5,0.025,0.5,4
750,0,5,0.025,0.5,4
921,0,5,0.025,0.5,4
348,0,5,0.025,0.5,4
447,0,5,0.025,0.5,4
387,0,5,0.025,0.5,4
991,0,5,0.025,0.5,4
578,0,5,0.025,0.5,4
482,0,5,0.025,0.5,4
418,0,5,0.025,0.5,4
621,0,5,0.025,0.5,4
525,0,5,0.025,0.5,4
469,0,5,0.025,0.5,4
8,0,5,0.025,0.5,4
965,0,5,0.025,0.5,4
512,0,5,0.025,0.5,4
47,0,5,0.025,0.5,4
694,0,5,0.025,0.5,4
551,0,5,0.025,0.5,4
86,0,5,0.025,0.5,4
959,0,5,0.025,0.5,4
209,0,5,0.025,0.5,4
145,0,5,0.025,0.5,4
248,0,5,0.025,0.5,4
180,0,5,0.025,0.5,4
790,0,5,0.025,0.5,4
287,0,5,0.025,0.5,4
219,0,5,0.025,0.5,4
831,0,5,0.025,0.5,4
663,0,5,0.025,0.5,4
266,0,5,0.025,0.5,4
872,0,5,0.025,0.5,4
764,0,5,0.025,0.5,4
704,0,5,0.025,0.5,4
309,0,5,0.025,0.5,4
909,0,5,0.025,0.5,4
731,0,5,0.025,0.5,4
741,0,5,0.025,0.5,4
719,0,5,0.025,0.5,4
946,0,5,0.025,0.5,4
515,0,5,0.025,0.5,4
803,0,5,0.025,0.5,4
323,0,5,0.025,0.5,4
556,0,5,0.025,0.5,4
364,0,5,0.025,0.5,4
585,0,5,0.025,0.5,4
425,0,5,0.025,0.5,4
630,0,5,0.025,0.5,4
462,0,5,0.025,0.5,4
31,0,5,0.025,0.5,4
972,0,5,0.025,0.5,4
563,0,5,0.025,0.5,4
503,0,5,0.025,0.5,4
72,0,5,0.025,0.5,4
544,0,5,0.025,0.5,4
109,0,5,0.025,0.5,4
597,0,5,0.025,0.5,4
122,0,5,0.025,0.5,4
634,0,5,0.025,0.5,4
187,0,5,0.025,0.5,4
795,0,5,0.025,0.5,4
228,0,5,0.025,0.5,4
838,0,5,0.025,0.5,4
160,0,5,0.025,0.5,4
654,0,5,0.025,0.5,4
257,0,5,0.025,0.5,4
865,0,5,0.025,0.5,4
193,0,5,0.025,0.5,4
769,0,5,0.025,0.5,4
356,0,5,0.025,0.5,4
302,0,5,0.025,0.5,4
904,0,5,0.025,0.5,4
238,0,5,0.025,0.5,4
804,0,5,0.025,0.5,4
395,0,5,0.025,0.5,4
676,0,5,0.025,0.5,4
843,0,5,0.025,0.5,4
757,0,5,0.025,0.5,4
330,0,5,0.025,0.5,4
890,0,5,0.025,0.5,4
365,0,5,0.025,0.5,4
933,0,5,0.025,0.5,4
404,0,5,0.025,0.5,4
627,0,5,0.025,0.5,4
734,0,5,0.025,0.5,4
451,0,5,0.025,0.5,4
22,0,5,0.025,0.5,4
979,0,5,0.025,0.5,4
566,0,5,0.025,0.5,4
494,0,5,0.025,0.5,4
57,0,5,0.025,0.5,4
601,0,5,0.025,0.5,4
537,0,5,0.025,0.5,4
104,0,5,0.025,0.5,4
12,0,5,0.025,0.5,4
127,0,5,0.025,0.5,4
51,0,5,0.025,0.5,4
696,0,5,0.025,0.5,4
162,0,5,0.025,0.5,4
34,0,5,0.025,0.5,4
957,0,5,0.025,0.5,4
205,0,5,0.025,0.5,4
714,0,5,0.025,0.5,4
645,0,5,0.025,0.5,4
252,0,5,0.025,0.5,4
874,0,5,0.025,0.5,4
778,0,5,0.025,0.5,4
682,0,5,0.025,0.5,4
299,0,5,0.025,0.5,4
811,0,5,0.025,0.5,4
727,0,5,0.025,0.5,4
667,0,5,0.025,0.5,4
852,0,5,0.025,0.5,4
433,0,5,0.025,0.5,4
708,0,5,0.025,0.5,4
881,0,5,0.025,0.5,4
733,0,5,0.025,0.5,4
374,0,5,0.025,0.5,4
926,0,5,0.025,0.5,4
411,0,5,0.025,0.5,4
343,0,5,0.025,0.5,4
938,0,5,0.025,0.5,4
444,0,5,0.025,0.5,4
384,0,5,0.025,0.5,4
986,0,5,0.025,0.5,4
573,0,5,0.025,0.5,4
485,0,5,0.025,0.5,4
421,0,5,0.025,0.5,4
610,0,5,0.025,0.5,4
530,0,5,0.025,0.5,4
466,0,5,0.025,0.5,4
3,0,5,0.025,0.5,4
136,0,5,0.025,0.5,4
44,0,5,0.025,0.5,4
169,0,5,0.025,0.5,4
89,0,5,0.025,0.5,4
998,0,5,0.025,0.5,4
214,0,5,0.025,0.5,4
142,0,5,0.025,0.5,4
78,0,5,0.025,0.5,4
243,0,5,0.025,0.5,4
183,0,5,0.025,0.5,4
783,0,5,0.025,0.5,4
115,0,5,0.025,0.5,4
292,0,5,0.025,0.5,4
914,0,5,0.025,0.5,4
224,0,5,0.025,0.5,4
818,0,5,0.025,0.5,4
722,0,5,0.025,0.5,4
658,0,5,0.025,0.5,4
277,0,5,0.025,0.5,4
861,0,5,0.025,0.5,4
709,0,5,0.025,0.5,4
314,0,5,0.025,0.5,4
908,0,5,0.025,0.5,4
475,0,5,0.025,0.5,4
748,0,5,0.025,0.5,4
923,0,5,0.025,0.5,4
518,0,5,0.025,0.5,4
759,0,5,0.025,0.5,4
350,0,5,0.025,0.5,4
385,0,5,0.025,0.5,4
584,0,5,0.025,0.5,4
484,0,5,0.025,0.5,4
432,0,5,0.025,0.5,4
623,0,5,0.025,0.5,4
523,0,5,0.025,0.5,4
471,0,5,0.025,0.5,4
26,0,5,0.025,0.5,4
967,0,5,0.025,0.5,4
506,0,5,0.025,0.5,4
45,0,5,0.025,0.5,4
549,0,5,0.025,0.5,4
84,0,5,0.025,0.5,4
596,0,5,0.025,0.5,4
147,0,5,0.025,0.5,4
246,0,5,0.025,0.5,4
690,0,5,0.025,0.5,4
190,0,5,0.025,0.5,4
792,0,5,0.025,0.5,4
281,0,5,0.025,0.5,4
217,0,5,0.025,0.5,4
825,0,5,0.025,0.5,4
153,0,5,0.025,0.5,4
649,0,5,0.025,0.5,4
272,0,5,0.025,0.5,4
870,0,5,0.025,0.5,4
766,0,5,0.025,0.5,4
702,0,5,0.025,0.5,4
311,0,5,0.025,0.5,4
899,0,5,0.025,0.5,4
807,0,5,0.025,0.5,4
739,0,5,0.025,0.5,4
948,0,5,0.025,0.5,4
717,0,5,0.025,0.5,4
325,0,5,0.025,0.5,4
554,0,5,0.025,0.5,4
735,0,5,0.025,0.5,4
362,0,5,0.025,0.5,4
591,0,5,0.025,0.5,4
407,0,5,0.025,0.5,4
632,0,5,0.025,0.5,4
944,0,5,0.025,0.5,4
464,0,5,0.025,0.5,4
17,0,5,0.025,0.5,4
974,0,5,0.025,0.5,4
561,0,5,0.025,0.5,4
497,0,5,0.025,0.5,4
70,0,5,0.025,0.5,4
606,0,5,0.025,0.5,4
542,0,5,0.025,0.5,4
107,0,5,0.025,0.5,4
124,0,5,0.025,0.5,4
636,0,5,0.025,0.5,4
165,0,5,0.025,0.5,4
797,0,5,0.025,0.5,4
226,0,5,0.025,0.5,4
840,0,5,0.025,0.5,4
716,0,5,0.025,0.5,4
656,0,5,0.025,0.5,4
263,0,5,0.025,0.5,4
879,0,5,0.025,0.5,4
195,0,5,0.025,0.5,4
771,0,5,0.025,0.5,4
358,0,5,0.025,0.5,4
304,0,5,0.025,0.5,4
902,0,5,0.025,0.5,4
236,0,5,0.025,0.5,4
814,0,5,0.025,0.5,4
393,0,5,0.025,0.5,4
678,0,5,0.025,0.5,4
841,0,5,0.025,0.5,4
440,0,5,0.025,0.5,4
332,0,5,0.025,0.5,4
896,0,5,0.025,0.5,4
371,0,5,0.025,0.5,4
935,0,5,0.025,0.5,4
402,0,5,0.025,0.5,4
338,0,5,0.025,0.5,4
453,0,5,0.025,0.5,4
24,0,5,0.025,0.5,4
981,0,5,0.025,0.5,4
572,0,5,0.025,0.5,4
496,0,5,0.025,0.5,4
63,0,5,0.025,0.5,4
603,0,5,0.025,0.5,4
535,0,5,0.025,0.5,4
102,0,5,0.025,0.5,4
14,0,5,0.025,0.5,4
129,0,5,0.025,0.5,4
49,0,5,0.025,0.5,4
164,0,5,0.025,0.5,4
96,0,5,0.025,0.5,4
36,0,5,0.025,0.5,4
993,0,5,0.025,0.5,4
203,0,5,0.025,0.5,4
75,0,5,0.025,0.5,4
647,0,5,0.025,0.5,4
250,0,5,0.025,0.5,4
692,0,5,0.025,0.5,4
780,0,5,0.025,0.5,4
688,0,5,0.025,0.5,4
293,0,5,0.025,0.5,4
821,0,5,0.025,0.5,4
725,0,5,0.025,0.5,4
669,0,5,0.025,0.5,4
276,0,5,0.025,0.5,4
850,0,5,0.025,0.5,4
706,0,5,0.025,0.5,4
887,0,5,0.025,0.5,4
751,0,5,0.025,0.5,4
928,0,5,0.025,0.5,4
409,0,5,0.025,0.5,4
718,0,5,0.025,0.5,4
345,0,5,0.025,0.5,4
446,0,5,0.025,0.5,4
382,0,5,0.025,0.5,4
988,0,5,0.025,0.5,4
579,0,5,0.025,0.5,4
487,0,5,0.025,0.5,4
419,0,5,0.025,0.5,4
612,0,5,0.025,0.5,4
528,0,5,0.025,0.5,4
468,0,5,0.025,0.5,4
5,0,5,0.025,0.5,4
962,0,5,0.025,0.5,4
509,0,5,0.025,0.5,4
42,0,5,0.025,0.5,4
171,0,5,0.025,0.5,4
87,0,5,0.025,0.5,4
1000,0,5,0.025,0.5,4
212,0,5,0.025,0.5,4
144,0,5,0.025,0.5,4
241,0,5,0.025,0.5,4
177,0,5,0.025,0.5,4
785,0,5,0.025,0.5,4
113,0,5,0.025,0.5,4
286,0,5,0.025,0.5,4
920,0,5,0.025,0.5,4
222,0,5,0.025,0.5,4
820,0,5,0.025,0.5,4
660,0,5,0.025,0.5,4
267,0,5,0.025,0.5,4
859,0,5,0.025,0.5,4
699,0,5,0.025,0.5,4
316,0,5,0.025,0.5,4
906,0,5,0.025,0.5,4
477,0,5,0.025,0.5,4
746,0,5,0.025,0.5,4
949,0,5,0.025,0.5,4
520,0,5,0.025,0.5,4
352,0,5,0.025,0.5,4
559,0,5,0.025,0.5,4
391,0,5,0.025,0.5,4
582,0,5,0.025,0.5,4
430,0,5,0.025,0.5,4
617,0,5,0.025,0.5,4
521,0,5,0.025,0.5,4
457,0,5,0.025,0.5,4
28,0,5,0.025,0.5,4
969,0,5,0.025,0.5,4
508,0,5,0.025,0.5,4
67,0,5,0.025,0.5,4
547,0,5,0.025,0.5,4
82,0,5,0.025,0.5,4
594,0,5,0.025,0.5,4
149,0,5,0.025,0.5,4
637,0,5,0.025,0.5,4
192,0,5,0.025,0.5,4
794,0,5,0.025,0.5,4
283,0,5,0.025,0.5,4
231,0,5,0.025,0.5,4
827,0,5,0.025,0.5,4
155,0,5,0.025,0.5,4
651,0,5,0.025,0.5,4
270,0,5,0.025,0.5,4
868,0,5,0.025,0.5,4
198,0,5,0.025,0.5,4
768,0,5,0.025,0.5,4
353,0,5,0.025,0.5,4
305,0,5,0.025,0.5,4
897,0,5,0.025,0.5,4
801,0,5,0.025,0.5,4
737,0,5,0.025,0.5,4
673,0,5,0.025,0.5,4
846,0,5,0.025,0.5,4
327,0,5,0.025,0.5,4
891,0,5,0.025,0.5,4
368,0,5,0.025,0.5,4
589,0,5,0.025,0.5,4
405,0,5,0.025,0.5,4
626,0,5,0.025,0.5,4
450,0,5,0.025,0.5,4
19,0,5,0.025,0.5,4
976,0,5,0.025,0.5,4
567,0,5,0.025,0.5,4
499,0,5,0.025,0.5,4
60,0,5,0.025,0.5,4
608,0,5,0.025,0.5,4
540,0,5,0.025,0.5,4
105,0,5,0.025,0.5,4
9,0,5,0.025,0.5,4
126,0,5,0.025,0.5,4
848,0,5,0.025,0.5,4
167,0,5,0.025,0.5,4
799,0,5,0.025,0.5,4
208,0,5,0.025,0.5,4
834,0,5,0.025,0.5,4
642,0,5,0.025,0.5,4
261,0,5,0.025,0.5,4
877,0,5,0.025,0.5,4
939,0,5,0.025,0.5,4
773,0,5,0.025,0.5,4
754,0,5,0.025,0.5,4
360,0,5,0.025,0.5,4
298,0,5,0.025,0.5,4
234,0,5,0.025,0.5,4
816,0,5,0.025,0.5,4
399,0,5,0.025,0.5,4
680,0,5,0.025,0.5,4
963,0,5,0.025,0.5,4
855,0,5,0.025,0.5,4
438,0,5,0.025,0.5,4
334,0,5,0.025,0.5,4
894,0,5,0.025,0.5,4
369,0,5,0.025,0.5,4
929,0,5,0.025,0.5,4
416,0,5,0.025,0.5,4
340,0,5,0.025,0.5,4
455,0,5,0.025,0.5,4
379,0,5,0.025,0.5,4
983,0,5,0.025,0.5,4
570,0,5,0.025,0.5,4
490,0,5,0.025,0.5,4
61,0,5,0.025,0.5,4
613,0,5,0.025,0.5,4
533,0,5,0.025,0.5,4
100,0,5,0.025,0.5,4
16,0,5,0.025,0.5,4
956,0,5,0.025,0.5,4
131,0,5,0.025,0.5,4
55,0,5,0.025,0.5,4
174,0,5,0.025,0.5,4
94,0,5,0.025,0.5,4
38,0,5,0.025,0.5,4
995,0,5,0.025,0.5,4
201,0,5,0.025,0.5,4
137,0,5,0.025,0.5,4
73,0,5,0.025,0.5,4
256,0,5,0.025,0.5,4
782,0,5,0.025,0.5,4
120,0,5,0.025,0.5,4
686,0,5,0.025,0.5,4
295,0,5,0.025,0.5,4
915,0,5,0.025,0.5,4
730,0,5,0.025,0.5,4
805,0,5,0.025,0.5,4
723,0,5,0.025,0.5,4
671,0,5,0.025,0.5,4
274,0,5,0.025,0.5,4
864,0,5,0.025,0.5,4
712,0,5,0.025,0.5,4
317,0,5,0.025,0.5,4
885,0,5,0.025,0.5,4
474,0,5,0.025,0.5,4
749,0,5,0.025,0.5,4
922,0,5,0.025,0.5,4
347,0,5,0.025,0.5,4
448,0,5,0.025,0.5,4
388,0,5,0.025,0.5,4
990,0,5,0.025,0.5,4
577,0,5,0.025,0.5,4
481,0,5,0.025,0.5,4
417,0,5,0.025,0.5,4
622,0,5,0.025,0.5,4
526,0,5,0.025,0.5,4
470,0,5,0.025,0.5,4
7,0,5,0.025,0.5,4
964,0,5,0.025,0.5,4
511,0,5,0.025,0.5,4
48,0,5,0.025,0.5,4
552,0,5,0.025,0.5,4
85,0,5,0.025,0.5,4
210,0,5,0.025,0.5,4
146,0,5,0.025,0.5,4
247,0,5,0.025,0.5,4
179,0,5,0.025,0.5,4
787,0,5,0.025,0.5,4
288,0,5,0.025,0.5,4
918,0,5,0.025,0.5,4
220,0,5,0.025,0.5,4
830,0,5,0.025,0.5,4
662,0,5,0.025,0.5,4
265,0,5,0.025,0.5,4
857,0,5,0.025,0.5,4
761,0,5,0.025,0.5,4
756,0,5,0.025,0.5,4
697,0,5,0.025,0.5,4
310,0,5,0.025,0.5,4
912,0,5,0.025,0.5,4
479,0,5,0.025,0.5,4
744,0,5,0.025,0.5,4
951,0,5,0.025,0.5,4
514,0,5,0.025,0.5,4
322,0,5,0.025,0.5,4
557,0,5,0.025,0.5,4
389,0,5,0.025,0.5,4
588,0,5,0.025,0.5,4
428,0,5,0.025,0.5,4
619,0,5,0.025,0.5,4
459,0,5,0.025,0.5,4
30,0,5,0.025,0.5,4
971,0,5,0.025,0.5,4
502,0,5,0.025,0.5,4
65,0,5,0.025,0.5,4
693,0,5,0.025,0.5,4
545,0,5,0.025,0.5,4
112,0,5,0.025,0.5,4
954,0,5,0.025,0.5,4
600,0,5,0.025,0.5,4
151,0,5,0.025,0.5,4
639,0,5,0.025,0.5,4
186,0,5,0.025,0.5,4
796,0,5,0.025,0.5,4
229,0,5,0.025,0.5,4
837,0,5,0.025,0.5,4
157,0,5,0.025,0.5,4
653,0,5,0.025,0.5,4
260,0,5,0.025,0.5,4
866,0,5,0.025,0.5,4
200,0,5,0.025,0.5,4
770,0,5,0.025,0.5,4
355,0,5,0.025,0.5,4
307,0,5,0.025,0.5,4
903,0,5,0.025,0.5,4
239,0,5,0.025,0.5,4
732,0,5,0.025,0.5,4
396,0,5,0.025,0.5,4
675,0,5,0.025,0.5,4
844,0,5,0.025,0.5,4
329,0,5,0.025,0.5,4
889,0,5,0.025,0.5,4
366,0,5,0.025,0.5,4
934,0,5,0.025,0.5,4
403,0,5,0.025,0.5,4
628,0,5,0.025,0.5,4
452,0,5,0.025,0.5,4
21,0,5,0.025,0.5,4
978,0,5,0.025,0.5,4
565,0,5,0.025,0.5,4
493,0,5,0.025,0.5,4
58,0,5,0.025,0.5,4
602,0,5,0.025,0.5,4
538,0,5,0.025,0.5,4
103,0,5,0.025,0.5,4
11,0,5,0.025,0.5,4
128,0,5,0.025,0.5,4
52,0,5,0.025,0.5,4
161,0,5,0.025,0.5,4
33,0,5,0.025,0.5,4
206,0,5,0.025,0.5,4
836,0,5,0.025,0.5,4
644,0,5,0.025,0.5,4
251,0,5,0.025,0.5,4
875,0,5,0.025,0.5,4
775,0,5,0.025,0.5,4
683,0,5,0.025,0.5,4
300,0,5,0.025,0.5,4
810,0,5,0.025,0.5,4
397,0,5,0.025,0.5,4
666,0,5,0.025,0.5,4
853,0,5,0.025,0.5,4
436,0,5,0.025,0.5,4
758,0,5,0.025,0.5,4
336,0,5,0.025,0.5,4
884,0,5,0.025,0.5,4
375,0,5,0.025,0.5,4
931,0,5,0.025,0.5,4
414,0,5,0.025,0.5,4
342,0,5,0.025,0.5,4
441,0,5,0.025,0.5,4
377,0,5,0.025,0.5,4
985,0,5,0.025,0.5,4
576,0,5,0.025,0.5,4
492,0,5,0.025,0.5,4
424,0,5,0.025,0.5,4
615,0,5,0.025,0.5,4
531,0,5,0.025,0.5,4
98,0,5,0.025,0.5,4
2,0,5,0.025,0.5,4
133,0,5,0.025,0.5,4
53,0,5,0.025,0.5,4
695,0,5,0.025,0.5,4
176,0,5,0.025,0.5,4
92,0,5,0.025,0.5,4
40,0,5,0.025,0.5,4
960,0,5,0.025,0.5,4
215,0,5,0.025,0.5,4
139,0,5,0.025,0.5,4
79,0,5,0.025,0.5,4
254,0,5,0.025,0.5,4
182,0,5,0.025,0.5,4
784,0,5,0.025,0.5,4
118,0,5,0.025,0.5,4
289,0,5,0.025,0.5,4
913,0,5,0.025,0.5,4
817,0,5,0.025,0.5,4
721,0,5,0.025,0.5,4
657,0,5,0.025,0.5,4
280,0,5,0.025,0.5,4
862,0,5,0.025,0.5,4
710,0,5,0.025,0.5,4
319,0,5,0.025,0.5,4
907,0,5,0.025,0.5,4
476,0,5,0.025,0.5,4
747,0,5,0.025,0.5,4
924,0,5,0.025,0.5,4
517,0,5,0.025,0.5,4
349,0,5,0.025,0.5,4
937,0,5,0.025,0.5,4
997,0,5,0.025,0.5,4
386,0,5,0.025,0.5,4
992,0,5,0.025,0.5,4
583,0,5,0.025,0.5,4
483,0,5,0.025,0.5,4
431,0,5,0.025,0.5,4
624,0,5,0.025,0.5,4
524,0,5,0.025,0.5,4
472,0,5,0.025,0.5,4
25,0,5,0.025,0.5,4
966,0,5,0.025,0.5,4
505,0,5,0.025,0.5,4
46,0,5,0.025,0.5,4
550,0,5,0.025,0.5,4
83,0,5,0.025,0.5,4
595,0,5,0.025,0.5,4
148,0,5,0.025,0.5,4
245,0,5,0.025,0.5,4
189,0,5,0.025,0.5,4
789,0,5,0.025,0.5,4
282,0,5,0.025,0.5,4
218,0,5,0.025,0.5,4
832,0,5,0.025,0.5,4
154,0,5,0.025,0.5,4
664,0,5,0.025,0.5,4
271,0,5,0.025,0.5,4
871,0,5,0.025,0.5,4
763,0,5,0.025,0.5,4
703,0,5,0.025,0.5,4
312,0,5,0.025,0.5,4
910,0,5,0.025,0.5,4
806,0,5,0.025,0.5,4
742,0,5,0.025,0.5,4
945,0,5,0.025,0.5,4
516,0,5,0.025,0.5,4
760,0,5,0.025,0.5,4
324,0,5,0.025,0.5,4
555,0,5,0.025,0.5,4
940,0,5,0.025,0.5,4
363,0,5,0.025,0.5,4
586,0,5,0.025,0.5,4
426,0,5,0.025,0.5,4
629,0,5,0.025,0.5,4
461,0,5,0.025,0.5,4
32,0,5,0.025,0.5,4
973,0,5,0.025,0.5,4
564,0,5,0.025,0.5,4
504,0,5,0.025,0.5,4
71,0,5,0.025,0.5,4
543,0,5,0.025,0.5,4
110,0,5,0.025,0.5,4
598,0,5,0.025,0.5,4
121,0,5,0.025,0.5,4
633,0,5,0.025,0.5,4
689,0,5,0.025,0.5,4
188,0,5,0.025,0.5,4
798,0,5,0.025,0.5,4
958,0,5,0.025,0.5,4
227,0,5,0.025,0.5,4
839,0,5,0.025,0.5,4
159,0,5,0.025,0.5,4
655,0,5,0.025,0.5,4
258,0,5,0.025,0.5,4
880,0,5,0.025,0.5,4
194,0,5,0.025,0.5,4
772,0,5,0.025,0.5,4
357,0,5,0.025,0.5,4
301,0,5,0.025,0.5,4
901,0,5,0.025,0.5,4
237,0,5,0.025,0.5,4
813,0,5,0.025,0.5,4
394,0,5,0.025,0.5,4
677,0,5,0.025,0.5,4
842,0,5,0.025,0.5,4
439,0,5,0.025,0.5,4
331,0,5,0.025,0.5,4
895,0,5,0.025,0.5,4
736,0,5,0.025,0.5,4
372,0,5,0.025,0.5,4
936,0,5,0.025,0.5,4
401,0,5,0.025,0.5,4
337,0,5,0.025,0.5,4
943,0,5,0.025,0.5,4
454,0,5,0.025,0.5,4
23,0,5,0.025,0.5,4
980,0,5,0.025,0.5,4
571,0,5,0.025,0.5,4
495,0,5,0.025,0.5,4
64,0,5,0.025,0.5,4
604,0,5,0.025,0.5,4
536,0,5,0.025,0.5,4
101,0,5,0.025,0.5,4
13,0,5,0.025,0.5,4
130,0,5,0.025,0.5,4
50,0,5,0.025,0.5,4
163,0,5,0.025,0.5,4
95,0,5,0.025,0.5,4
35,0,5,0.025,0.5,4
204,0,5,0.025,0.5,4
715,0,5,0.025,0.5,4
76,0,5,0.025,0.5,4
646,0,5,0.025,0.5,4
249,0,5,0.025,0.5,4
873,0,5,0.025,0.5,4
777,0,5,0.025,0.5,4
681,0,5,0.025,0.5,4
294,0,5,0.025,0.5,4
812,0,5,0.025,0.5,4
728,0,5,0.025,0.5,4
668,0,5,0.025,0.5,4
275,0,5,0.025,0.5,4
851,0,5,0.025,0.5,4
434,0,5,0.025,0.5,4
707,0,5,0.025,0.5,4
882,0,5,0.025,0.5,4
373,0,5,0.025,0.5,4
925,0,5,0.025,0.5,4
412,0,5,0.025,0.5,4
344,0,5,0.025,0.5,4
443,0,5,0.025,0.5,4
383,0,5,0.025,0.5,4
987,0,5,0.025,0.5,4
574,0,5,0.025,0.5,4
486,0,5,0.025,0.5,4
422,0,5,0.025,0.5,4
609,0,5,0.025,0.5,4
529,0,5,0.025,0.5,4
465,0,5,0.025,0.5,4
4,0,5,0.025,0.5,4
961,0,5,0.025,0.5,4
135,0,5,0.025,0.5,4
823,0,5,0.025,0.5,4
43,0,5,0.025,0.5,4
170,0,5,0.025,0.5,4
942,0,5,0.025,0.5,4
90,0,5,0.025,0.5,4
999,0,5,0.025,0.5,4
213,0,5,0.025,0.5,4
141,0,5,0.025,0.5,4
77,0,5,0.025,0.5,4
244,0,5,0.025,0.5,4
691,0,5,0.025,0.5,4
184,0,5,0.025,0.5,4
786,0,5,0.025,0.5,4
116,0,5,0.025,0.5,4
291,0,5,0.025,0.5,4
919,0,5,0.025,0.5,4
223,0,5,0.025,0.5,4
819,0,5,0.025,0.5,4
659,0,5,0.025,0.5,4
278,0,5,0.025,0.5,4
860,0,5,0.025,0.5,4
700,0,5,0.025,0.5,4
313,0,5,0.025,0.5,4
905,0,5,0.025,0.5,4
478,0,5,0.025,0.5,4
745,0,5,0.025,0.5,4
950,0,5,0.025,0.5,4
519,0,5,0.025,0.5,4
351,0,5,0.025,0.5,4
560,0,5,0.025,0.5,4
392,0,5,0.025,0.5,4
581,0,5,0.025,0.5,4
720,0,5,0.025,0.5,4
429,0,5,0.025,0.5,4
618,0,5,0.025,0.5,4
522,0,5,0.025,0.5,4
458,0,5,0.025,0.5,4
27,0,5,0.025,0.5,4
968,0,5,0.025,0.5,4
941,0,5,0.025,0.5,4
507,0,5,0.025,0.5,4
68,0,5,0.025,0.5,4
548,0,5,0.025,0.5,4
81,0,5,0.025,0.5,4
593,0,5,0.025,0.5,4
150,0,5,0.025,0.5,4
638,0,5,0.025,0.5,4
191,0,5,0.025,0.5,4
791,0,5,0.025,0.5,4
